,0,1,2,3,4,5,6,7
0,25.848575865186422,23.45724041799557,27.73774677313514,24.211955825849675,24.57365825777487,28.488024004373045,30.47767129984433,29.584082476751703
1,23.45724041799557,19.541393846073078,25.36243745034132,20.023194595227615,21.42987402413457,26.619880862757817,29.239094071269033,27.382084042051762
2,27.73774677313514,25.36243745034132,30.421506464128626,26.551546817602354,26.498724472489926,30.96096871365083,33.01902028077847,33.21296802945756
3,24.211955825849675,20.023194595227615,26.551546817602354,20.66125514157125,22.07710790600766,27.76850697033624,30.506771863853476,29.148494525242935
4,24.57365825777487,21.42987402413457,26.498724472489926,22.07710790600766,22.921283519374782,27.50216020095438,29.824881817582533,28.463724378786058
5,28.488024004373045,26.619880862757817,30.96096871365083,27.76850697033624,27.50216020095438,31.37633014281091,33.18115049355203,33.41768913670705
6,30.47767129984433,29.239094071269033,33.01902028077847,30.506771863853476,29.824881817582533,33.18115049355203,34.67487599191676,35.46522850155684
7,29.584082476751703,27.382084042051762,33.21296802945756,29.148494525242935,28.463724378786058,33.41768913670705,35.46522850155684,37.268062640585484
