,0,1,2,3,4,5,6,7
0,23.716499007512017,20.338200877444617,25.492221143100952,21.897206146679416,26.644357650184116,27.155881553891355,23.5618842942924,23.557347570846954
1,20.338200877444617,14.181209851466933,21.946886403272416,15.831754021741869,23.926192942651713,24.623242036395162,20.020532324374297,17.987780947880378
2,25.492221143100952,21.946886403272416,28.01035951769318,24.047758305113714,29.04094347046375,29.60585245541284,25.36684458005095,26.256622125722124
3,21.897206146679416,15.831754021741869,24.047758305113714,17.835508236614142,25.872792532416614,26.59290835620428,21.61315390703992,20.346524689167218
4,26.644357650184116,23.926192942651713,29.04094347046375,25.872792532416614,29.83171271908035,30.32065393217051,26.565671191050253,27.808179658556714
5,27.155881553891355,24.623242036395162,29.60585245541284,26.59290835620428,30.32065393217051,30.795885019644793,27.092382361369094,28.52386513254071
6,23.5618842942924,20.020532324374297,25.36684458005095,21.61315390703992,26.565671191050253,27.092382361369094,23.398629782348483,23.327330850990133
7,23.557347570846954,17.987780947880378,26.256622125722124,20.346524689167218,27.808179658556714,28.52386513254071,23.327330850990133,23.15780774651618
