,0,1,2,3,4,5,6,7
0,6.426438448701956,10.313883437049554,13.22498173641237,9.878539131017147,12.124398859978063,12.171132640708533,9.88516359868349,11.987742022944623
1,10.313883437049554,2.377861400975339,9.805597845852775,9.587891329289947,9.649600071431504,11.193322517846502,9.512806489155368,11.51330746346247
2,13.22498173641237,9.805597845852775,6.567491080103591,9.925116682937448,11.903484909833294,12.876622697663459,12.574710958926339,15.061330776619474
3,9.878539131017147,9.587891329289947,9.925116682937448,4.263048561563219,11.20167415535737,13.016715754784318,11.424906917184886,13.755762480019568
4,12.124398859978063,9.649600071431504,11.903484909833294,11.20167415535737,7.727688023622139,11.181806173423276,13.959635709037338,15.032556683001156
5,12.171132640708533,11.193322517846502,12.876622697663459,13.016715754784318,11.181806173423276,9.736906590110001,11.72290478597073,14.789271046858069
6,9.88516359868349,9.512806489155368,12.574710958926339,11.424906917184886,13.959635709037338,11.72290478597073,6.469171104493743,13.15557722394155
7,11.987742022944623,11.51330746346247,15.061330776619474,13.755762480019568,15.032556683001156,14.789271046858069,13.15557722394155,1.392075172483467
