8.602427715414711074e+00
1.390938199803607134e+01
1.240467067319468875e+01
1.552387957151058018e+01
1.203006502146668844e+01
1.288382159497914259e+01
1.186123202587546288e+01
1.394500423364728547e+01
1.566952597000105918e+01
9.042415048194289540e+00
5.769339357972323334e+00
1.970000884297665422e+01
2.249010258570280740e+01
1.335662238616770203e+01
7.899434104140420132e+00
9.435395777252706395e+00
8.984471563781269765e+00
1.170337115218913659e+01
9.225162969450437345e+00
1.810744781359810673e+01
1.774504222751349047e+01
9.911533926359457070e+00
1.216301822668247290e+01
1.214400248121656389e+01
2.066904368096850675e+01
9.296629862074544448e+00
8.899098379609707621e+00
8.077624933502962179e+00
8.731782967143832508e+00
1.781081221731763264e+01
8.542647008753235127e+00
1.085348612331072715e+01
1.182330568280248073e+01
1.629043878813820001e+01
1.151912394652759453e+01
1.224816347173506514e+01
1.703642078257966119e+01
1.479747050799069719e+01
9.295869602548469501e+00
1.602124638375856236e+01
1.157262468521343379e+01
1.237388353521841111e+01
9.626761027300418050e+00
1.353081461992548995e+01
1.222367697004891340e+01
1.212864859502095882e+01
1.257842961310699081e+01
1.099814598885248351e+01
1.167138909852990025e+01
1.058262816959894792e+01
1.788761986126774062e+01
9.132498695249122278e+00
1.539032942028777384e+01
8.958465884626166442e+00
8.481269247240426523e+00
7.795825565454566508e+00
1.249321289116853073e+01
1.393798868804773505e+01
1.110591775675576365e+01
1.151361521130375110e+01
8.404989331293378996e+00
9.675816255024207280e+00
1.416938101586037746e+01
9.451769895842840441e+00
1.757260383316868513e+01
1.326022597246245205e+01
1.674071225392669504e+01
1.432908657155245002e+01
1.183377866513802879e+01
8.126053003041048939e+00
1.178892910440539943e+01
1.536010086142029607e+01
1.181149699414956089e+01
1.687690388477946257e+01
1.675406239205728909e+01
1.969088842044220300e+01
7.327605645636850795e+00
1.406108651688380284e+01
1.259038824170385062e+01
1.076341825146281295e+01
1.122576106351808534e+01
2.097250570817122295e+01
1.594531067178493444e+01
1.828937543792680032e+01
1.008200998678343652e+01
9.947431573789248915e+00
8.459748758309626027e+00
9.539025513060220618e+00
1.346444517710894750e+01
1.486329081416693043e+01
1.210809565800058074e+01
1.058163105068948440e+01
1.263737800506074827e+01
1.025734300016195100e+01
1.348258710789539094e+01
1.066610675602779068e+01
1.729806755364656823e+01
9.934726863674647745e+00
1.270874932945135960e+01
1.080957621948581071e+01
1.589017745820798311e+01
7.205227522209968427e+00
1.172686858395436360e+01
1.109195362964920051e+01
9.924504758015764594e+00
1.578429454051566161e+01
1.383083014700506830e+01
9.977751233367740724e+00
9.313782462662365091e+00
8.408333025634142643e+00
1.375897417639894726e+01
1.207683731183442255e+01
1.158562983980262828e+01
9.992355368367025648e+00
1.211893371822172760e+01
1.322586817388814318e+01
8.121946452610099954e+00
2.155624321635280083e+01
9.620406670337876776e+00
1.201455249553871063e+01
8.453036579267715567e+00
1.529896644439125097e+01
9.153783742719305394e+00
1.413935244375616662e+01
1.484303245460884746e+01
1.146376359093852138e+01
9.725379931649715815e+00
1.029051420763525293e+01
6.970678493395014108e+00
1.563500349837054237e+01
7.148198508385486427e+00
1.307426658199160308e+01
9.139469110437202559e+00
1.101082651901384502e+01
1.397006709575446770e+01
1.142560439401971628e+01
1.204257882055123119e+01
1.166165832277131109e+01
1.004940852140392238e+01
1.019471679140641207e+01
1.006566061588369010e+01
1.133439981036319999e+01
1.568114600643164991e+01
1.077823279975542903e+01
1.428188093012052740e+01
1.124277458366844584e+01
1.548696077152772510e+01
9.772707765155685067e+00
1.823083314332557237e+01
1.714966353368085450e+01
1.088913450737951472e+01
1.107535601373476020e+01
7.644736431587996428e+00
1.529192950819306773e+01
1.771486094649520027e+01
1.157912766644676417e+01
1.103865757112761514e+01
1.478946908637871083e+01
1.115887264109578325e+01
7.717592650708695601e+00
1.026161732638140300e+01
1.364373819576918834e+01
1.422988878267610247e+01
8.619617920398914279e+00
1.608052337070274262e+01
1.604373561506383439e+01
7.170314571775725732e+00
1.919296559047833739e+01
1.602296628726564975e+01
1.042986393977166237e+01
1.048539227519581551e+01
7.590757674122088794e+00
1.158537997992856461e+01
1.130032866535838210e+01
9.612331481277234246e+00
9.493583484172251730e+00
1.190689208808426613e+01
8.989439032480689207e+00
1.040875079507404166e+01
1.084025497534085147e+01
1.179960690068032214e+01
1.668884358141845681e+01
1.661453845798464357e+01
1.081300081184451578e+01
1.233910311241040425e+01
9.106913319382405447e+00
1.132647343560576303e+01
1.060405440650465714e+01
9.688077562097594964e+00
1.168616562650995050e+01
9.174804495148229933e+00
1.703590826458942686e+01
1.510287715037795842e+01
1.191145301460123562e+01
1.235343378224363420e+01
1.061246579586665817e+01
1.455007610568394050e+01
1.705210509416401976e+01
1.442638590350483341e+01
1.189171579718808225e+01
1.695213454478107096e+01
1.749134553438670281e+01
1.037014664551705501e+01
1.439786959122684884e+01
1.068329010187069095e+01
1.359660729372845189e+01
1.686551597657552293e+01
1.551343561399189852e+01
1.762744017481212566e+01
1.392836456703715875e+01
1.007380626319953443e+01
9.181644866669708804e+00
1.235484176087776476e+01
1.038502842568416717e+01
1.192390899702985685e+01
1.408933706372298467e+01
1.342310619278538830e+01
1.865453564704613498e+01
1.018224892270455229e+01
8.474542324393809167e+00
1.034725133424590737e+01
1.030995593092933937e+01
1.289593330138011673e+01
1.819714465034584805e+01
1.283349165846369822e+01
1.487138126773382751e+01
1.273651497436325641e+01
1.806467558189708811e+01
8.509517808109388071e+00
1.137493778573821324e+01
1.249872347986836374e+01
1.503923004971457189e+01
2.323521237699186415e+01
9.280778929205206751e+00
1.132210515143288987e+01
1.630565261341461181e+01
1.274901816363391838e+01
2.176126290907756911e+01
1.354020406941816113e+01
1.591882227983291465e+01
1.461799016120956551e+01
1.497404780997469409e+01
1.449161392776072788e+01
1.400211143538884251e+01
1.763906355197066844e+01
9.541710435549113356e+00
7.403557065031463047e+00
2.121091022907916113e+01
1.320071102568286925e+01
1.426736860139069130e+01
1.643391997776910074e+01
9.488107255203987123e+00
8.170216339669865491e+00
1.532123625431749403e+01
9.981560208851862015e+00
1.046396066111061351e+01
2.395218568148123239e+01
1.139846678325864993e+01
6.726420953596889518e+00
1.717725821668890873e+01
8.849900430063968315e+00
9.549878041553322205e+00
7.760900409085921048e+00
1.107177187069929403e+01
1.465375709467321386e+01
1.277018857483352932e+01
7.786657292005179976e+00
8.343481478444427779e+00
1.305379118920640025e+01
1.883626726038021815e+01
1.112810338759257967e+01
8.693884581237814047e+00
7.505694287019267108e+00
1.122241648333848296e+01
9.811571841444575170e+00
1.039769006149470698e+01
1.237393418726851557e+01
1.185845448057862761e+01
1.380183165926105815e+01
1.320409573089328781e+01
9.917562262062945777e+00
2.179372976767459846e+01
1.061366828416755226e+01
1.684854462979672363e+01
1.304464272170497985e+01
1.587822952502587626e+01
1.304754836273772156e+01
9.817162815817789934e+00
1.101792047616542902e+01
9.545881818840628696e+00
1.135274739945207401e+01
1.489633918704063653e+01
1.329779466538830768e+01
1.891195319338014968e+01
9.918932883272004730e+00
1.122349279769785291e+01
1.058250384267567590e+01
1.113323488894355862e+01
1.836851038853038887e+01
8.698291767655728535e+00
2.475646161806559675e+01
2.235502986827929561e+01
1.152363240811488865e+01
6.579356955587409850e+00
1.573624006468926417e+01
1.175052524959344957e+01
1.858372945044185087e+01
1.513590908540446200e+01
1.229316948569161205e+01
9.865105420116124790e+00
1.462989339267356748e+01
1.321005391679288188e+01
1.154180516478238516e+01
1.100824723022571305e+01
1.591249057296621849e+01
1.128222316376056789e+01
9.116275167313697025e+00
8.502722309773329101e+00
1.691486410575785726e+01
1.172531508543617385e+01
1.383440581877868425e+01
1.385926672258143100e+01
9.937076802756527272e+00
1.636573359830024899e+01
1.041571914013532130e+01
1.647832766127739035e+01
8.807239780128925943e+00
1.061716207730988515e+01
1.076080349273670755e+01
1.245901480449979815e+01
1.125495126907764032e+01
9.562683169875636935e+00
6.164912774178405108e+00
8.759326657113494008e+00
1.023636826926703769e+01
2.318968601733150692e+01
8.596531283902068665e+00
1.367742947324904890e+01
1.590812244735459302e+01
1.074196551315147552e+01
1.205641552624081037e+01
7.051469539140237330e+00
1.059868849063165186e+01
8.958800291729140497e+00
1.117517073470878231e+01
1.622843544486335432e+01
1.299948608536345596e+01
1.072451103034827291e+01
1.975492494475124161e+01
1.200042175836005498e+01
1.423471388848667551e+01
1.405190038314731105e+01
1.496003059402153923e+01
1.019902282896306112e+01
1.520932951236937747e+01
1.417863068511658931e+01
1.058723187576710245e+01
1.053376296442257143e+01
9.527722485787830209e+00
9.167423046878818482e+00
1.149025582679658619e+01
7.728734632996229870e+00
7.285454799995235042e+00
1.633351480432263259e+01
1.698212429704815918e+01
1.000370293559944734e+01
1.358553088251611207e+01
1.441108892024747412e+01
7.280738022904549744e+00
1.213424154872740246e+01
8.278945095234272245e+00
1.183370572838672707e+01
1.543501490133854404e+01
1.793355650928237921e+01
1.959784997457362010e+01
1.619409529460741126e+01
1.129427131267705597e+01
1.010447097730254562e+01
1.024003438459949678e+01
1.878621308099047482e+01
1.054258756139723729e+01
8.401828120717459214e+00
1.582374100963844299e+01
1.323010507412222303e+01
1.073950251249108057e+01
1.602620296927279853e+01
2.447572276702609173e+01
1.215285703596732958e+01
2.198136405555249695e+01
1.443599284043277109e+01
2.440458009328787981e+01
2.174734966889674581e+01
1.766303712280844351e+01
7.071623839867337225e+00
1.254154443914261563e+01
1.698646227458756996e+01
1.442232660460357785e+01
1.046625478442258483e+01
1.574529659201376930e+01
1.139919480576004496e+01
1.574726432936474474e+01
6.321877051850075091e+00
2.105077916641494085e+01
1.180112294855989319e+01
8.677473875242688095e+00
1.278020067525910441e+01
1.017784616595248792e+01
1.092414586670581578e+01
1.931928990710629535e+01
9.335236611125468542e+00
1.126944696164592408e+01
1.137255661533395212e+01
8.464712796429868291e+00
1.075649948340798723e+01
8.832651569935265456e+00
9.006981514552967027e+00
1.627815390576416732e+01
9.667913986549210748e+00
1.260225365926787511e+01
7.658636887444036923e+00
1.298263049359055188e+01
9.315043666785836507e+00
1.568357975886467415e+01
5.984196209170740133e+00
1.348019911575352126e+01
1.761083442236742158e+01
9.115533108991954236e+00
1.287944946709022886e+01
1.013222679542632143e+01
9.001846783022489973e+00
1.072318396153749909e+01
1.471883271201108734e+01
1.109533555155176288e+01
1.681236647063535017e+01
1.299762411839664900e+01
8.450490345430440087e+00
1.575780164440154607e+01
1.570561323270965559e+01
1.037340297829763891e+01
1.679531973712299830e+01
1.059972683419318606e+01
2.341058524335428714e+01
7.084208438176323952e+00
1.081650723451762275e+01
1.001684528653409245e+01
1.093187226049763616e+01
2.617907582426630242e+01
1.380970190181505863e+01
1.480859399137828092e+01
1.510011316341830856e+01
1.139546187260721055e+01
1.304881670805362681e+01
9.885331999664305869e+00
1.344004611039027708e+01
9.043971420408041695e+00
9.501135339847186501e+00
1.270565671731290180e+01
1.402195295766959404e+01
1.274959824820451892e+01
1.240936940499915409e+01
1.544033324657369199e+01
8.197387910310654391e+00
1.074398504166527957e+01
1.120526943358912675e+01
9.287498609190421917e+00
1.997477209561619560e+01
2.027837817582042135e+01
1.453724368781635690e+01
8.598454899807110863e+00
1.388807284312187207e+01
1.470282459943126163e+01
8.821266222892674591e+00
1.156876091614346080e+01
1.016570099104054492e+01
1.168168723137938514e+01
8.947923236973462480e+00
1.256790563537038885e+01
1.256709233229517331e+01
9.845892116636829172e+00
9.906023044241724307e+00
1.074876206094069886e+01
1.088967376430531431e+01
9.880761709709799945e+00
8.478427853808389258e+00
7.868472553242587431e+00
1.443991737435929323e+01
9.246174280663620237e+00
1.196272257344880074e+01
1.719815317692498979e+01
1.032943177880947339e+01
9.604094477145261877e+00
1.072846602339058819e+01
1.116825251114444129e+01
1.129508105292767794e+01
1.605445205616388193e+01
1.181158162758868002e+01
1.249833742542385728e+01
1.484393357787031675e+01
1.069736110890479530e+01
1.211520031163131250e+01
1.115646066989219598e+01
1.117410067895239045e+01
1.307558209136607630e+01
9.203589792815979109e+00
9.618780335551072369e+00
8.569892996226334603e+00
5.311697964222592105e+00
1.148839081122549999e+01
1.155653250004296062e+01
1.516678237945885677e+01
1.318119532580389830e+01
8.804620477998378547e+00
1.364384406584388998e+01
1.011313895085798364e+01
1.533778551263762502e+01
1.180179467916009450e+01
1.287570937881548794e+01
1.302917408842964342e+01
1.064298779714743404e+01
9.022713380483615708e+00
1.244382168706826874e+01
1.151046299845488008e+01
1.665102429347084367e+01
8.356402830868566056e+00
1.124005205991306333e+01
8.519934717948439484e+00
1.120507345906301033e+01
1.909925163323741870e+01
1.128940517556107714e+01
1.109922415940870266e+01
1.454416322722009802e+01
9.723593904499400864e+00
1.770584530126501122e+01
9.736835426452033815e+00
1.283638820916747569e+01
1.390855047884222273e+01
1.418755260378824801e+01
1.614214526419113227e+01
1.764754232643656451e+01
8.520527414165460556e+00
1.758909621798434486e+01
2.448115480959510393e+01
1.336486779209455200e+01
9.381243282574693865e+00
1.180543281777495146e+01
1.489459600621350788e+01
8.891314334301842592e+00
8.956690954464058052e+00
1.476329623606783947e+01
1.790245072487305933e+01
1.026351406818472789e+01
9.205001695990288724e+00
1.125296026855176912e+01
1.779103021447334498e+01
2.016979678239691509e+01
8.664617420720601260e+00
6.736941800561785598e+00
1.163566329939566302e+01
1.808519162539464631e+01
1.078657496003334693e+01
1.323276141553778018e+01
1.521038267845411163e+01
1.446344606893460139e+01
1.592555566535076039e+01
1.257388848561547690e+01
1.271515252079037772e+01
1.401784247219091917e+01
1.434757248541187558e+01
1.257967049447870345e+01
8.172200614645657168e+00
5.609258262677681017e+00
8.670853235016403815e+00
9.965773251188650761e+00
1.497615340333752876e+01
1.816958823215643548e+01
9.084206850968392644e+00
1.495796050070124394e+01
9.618681843278050536e+00
9.901468616783674292e+00
1.188668925199993076e+01
1.197723379634403074e+01
1.516476125738170744e+01
8.467934374600021741e+00
8.932709140079571952e+00
9.968586527879560677e+00
1.554402618005040360e+01
1.134572025886132352e+01
1.574834759168092724e+01
1.524682558905658958e+01
1.138174650031929502e+01
1.837346402482982910e+01
9.313015090340337920e+00
9.354022474587972980e+00
1.146595121101983850e+01
1.209917639380899956e+01
1.401032052697085284e+01
1.241323332372622801e+01
8.443641168368200667e+00
1.441498021722263090e+01
7.844681642417818068e+00
9.811622000708799973e+00
8.763682324551348657e+00
9.751973354195856203e+00
1.138847636666736740e+01
1.194400115063116274e+01
1.042019108077097300e+01
2.394854436984213208e+01
9.274453287570512572e+00
1.499033417717479644e+01
1.250200061412163244e+01
1.566635396510807432e+01
2.139508175959766945e+01
1.057017094560805504e+01
1.183779676003265280e+01
1.620647191051053326e+01
9.255104491490264706e+00
7.706445549260797279e+00
1.559675496513736093e+01
1.625795173874585586e+01
1.352945270740194772e+01
1.181738527279711981e+01
1.154373367306641107e+01
7.438525529255634261e+00
1.214657887541670611e+01
1.200469923970016239e+01
2.030309639614414507e+01
1.138544732773274681e+01
1.696411068141580003e+01
1.084852404310139562e+01
1.846580026157181109e+01
1.125707034509667714e+01
1.018143897659379249e+01
1.312619456221309555e+01
1.404512588754954017e+01
1.363200512897237360e+01
1.205588343069443091e+01
5.937794452603755602e+00
9.711255352145716557e+00
7.667277385595393291e+00
2.346922990334694958e+01
9.004578484174013298e+00
1.567689298609195880e+01
8.449071305309267643e+00
1.444447476670341324e+01
1.778449141235169861e+01
1.813074691952455808e+01
1.076221059597705221e+01
9.954165076700618897e+00
8.534418044467050990e+00
2.016471160608223911e+01
1.572235966693335385e+01
1.508653179531667909e+01
1.059320897891221414e+01
8.350935491056498350e+00
1.245002052288003824e+01
1.209313215682836251e+01
1.511999248044538113e+01
7.378205905764389172e+00
1.357737876865127546e+01
1.158960264806905016e+01
1.458715916664187162e+01
1.079191009332684992e+01
1.267251265857895071e+01
1.014559714027538284e+01
1.669366417972022987e+01
6.847874363139798248e+00
1.152123411343510639e+01
1.829268540966184275e+01
1.546651835772378902e+01
1.097486066262923465e+01
1.293347279988675425e+01
7.503387616853452791e+00
1.220463934206831702e+01
8.931078094162005598e+00
1.671348307381255793e+01
1.445132580055230420e+01
7.243420801397975950e+00
1.637007215145552053e+01
1.333792494052195288e+01
1.230292462543602205e+01
1.240756351306988847e+01
1.234876634096552728e+01
8.992535183840432822e+00
1.534648713832462263e+01
9.775200027317868745e+00
1.765523712325218142e+01
1.218208133342285926e+01
1.599240481325825058e+01
7.145403421219516105e+00
8.192310475446690887e+00
1.576688066430739532e+01
1.721897830308220989e+01
1.626222056918375714e+01
1.590086327038455849e+01
8.510837340492848568e+00
1.064494867195412553e+01
1.200333380372542358e+01
1.777869106435775493e+01
1.322914982280666685e+01
1.179180537782137428e+01
1.328612756872364287e+01
7.825486250719086101e+00
1.702832639511569113e+01
1.794709814422072469e+01
9.912889480208217918e+00
1.137890247307016800e+01
1.221328962404210294e+01
1.886596076796132948e+01
8.196685802242242858e+00
1.541143430922488200e+01
8.949914030318838698e+00
1.276669876290013761e+01
1.679616059224336766e+01
9.971915394419427869e+00
8.013857009544649301e+00
1.508231409207579432e+01
6.594549580133784339e+00
1.999353504761502265e+01
1.220723650635344804e+01
1.317183944956716601e+01
1.234923123685250523e+01
9.571224974405129871e+00
7.864064526173795144e+00
1.442443863248450420e+01
6.584954809343253501e+00
1.295839101175575081e+01
1.600764439378148296e+01
1.064335456506810473e+01
5.762025990153575528e+00
9.381313339493239312e+00
1.271614414906480128e+01
1.509073925659460258e+01
1.246553366840442578e+01
1.004192000301783594e+01
1.250189582045059211e+01
1.670850963466842387e+01
9.678230578076878032e+00
1.075322719757643952e+01
1.021427281340685411e+01
9.851647687901456507e+00
9.459388525340688858e+00
1.920981781064139682e+01
1.354670468477447542e+01
7.130444419477213636e+00
1.841488574380916887e+01
1.289556544876798760e+01
9.923411294628580848e+00
1.302743752927055887e+01
1.270549919372757053e+01
1.482625895775848335e+01
1.642490299483219118e+01
1.398446143817701248e+01
1.123319047961466843e+01
1.502807991264527487e+01
7.219979661986172026e+00
1.149031506289475324e+01
1.795859651483633712e+01
9.224688939504044782e+00
1.407027720519047165e+01
1.033273362460550260e+01
1.142744549969593493e+01
8.755566285207450505e+00
1.698373069988925010e+01
1.693050481747967240e+01
1.553423791150854250e+01
1.237859213362323274e+01
1.052832543686010602e+01
1.257871337770637687e+01
9.145321324611559888e+00
1.458042374188956458e+01
1.319151330232282504e+01
1.250012019572481847e+01
1.355960857841023071e+01
1.237873284236725802e+01
1.085259492489569055e+01
9.741999787301150349e+00
1.147192373283252032e+01
1.373815763313075600e+01
1.195961322424909135e+01
1.176174929642057521e+01
1.094401355383962660e+01
1.097705128912156880e+01
1.213671544454950002e+01
1.064946013659188928e+01
1.638835696406687958e+01
9.505382964199077023e+00
1.544452833538633207e+01
8.871737427785028274e+00
2.162885929312770728e+01
1.453830365798353341e+01
1.066443717023781979e+01
1.000082573778947825e+01
1.323929716663582035e+01
1.056411036989120333e+01
1.171933088257072519e+01
1.124617246867710030e+01
9.099568522722890407e+00
1.490199467483812157e+01
1.451768680361896990e+01
9.710649086576479405e+00
1.149253189765582128e+01
1.308121703281589809e+01
9.807674022591234220e+00
1.171989161270024304e+01
1.054152472698820375e+01
6.425795017039158452e+00
1.764280175135602491e+01
2.072233995115668392e+01
1.239940787151777002e+01
1.735919603878598849e+01
1.924655373421374449e+01
1.316403442046460626e+01
1.735617051907847497e+01
1.356304602935554193e+01
1.809009250465738461e+01
1.553550626255051981e+01
1.200188754091684729e+01
1.511786939481095260e+01
1.267033169330274589e+01
1.124365525039390867e+01
1.450216829645716565e+01
2.313307578537779108e+01
1.661090604600470400e+01
1.115073710500067605e+01
1.049324613426925268e+01
8.111218842922207628e+00
1.863189943131381554e+01
9.623393927481028953e+00
1.316579098578965734e+01
1.161767092578838501e+01
1.465591645431858403e+01
1.245494751745611950e+01
1.583468299114116462e+01
1.403252786879231095e+01
1.061971356929714894e+01
1.072183296977594047e+01
1.035121801580821455e+01
1.157396650088274725e+01
7.453902423867728722e+00
6.598288461617340062e+00
1.237799829913102556e+01
1.028914637950782129e+01
1.432726126392662813e+01
9.327786024804925802e+00
7.518099516405428062e+00
1.256426344887982793e+01
7.784745406537695089e+00
1.056520223105218292e+01
9.259994635935074214e+00
1.405543725642380437e+01
1.963814474417604927e+01
1.510309930471739825e+01
9.736918504176074407e+00
1.643063493234397043e+01
1.416700017868856065e+01
1.105042862114542501e+01
9.595092174699614063e+00
1.138833053923687189e+01
1.436178800073991013e+01
1.383846420957580747e+01
9.523860781735919545e+00
1.760034862670493183e+01
1.176592416973935507e+01
1.052131129048787272e+01
1.117318570081916818e+01
1.243842395249850341e+01
1.177815327007161095e+01
6.370144049555177546e+00
1.235929299598447884e+01
1.387096024440575270e+01
1.455248003655818501e+01
1.788837286066809185e+01
7.833420298450982422e+00
1.302076823254677329e+01
1.024530976112585279e+01
9.861042271752081589e+00
8.582302026968710251e+00
7.798602876858790722e+00
1.051864864034198810e+01
1.362857077192136934e+01
1.360977711363778120e+01
1.769232253318841686e+01
1.458301516353647642e+01
1.806070043508043099e+01
1.227384344906164415e+01
1.222357607856390693e+01
6.665983798536974980e+00
1.570909757861112510e+01
1.004586665900265174e+01
1.226988004096060614e+01
8.421874626061766733e+00
1.592454719317495027e+01
6.172705606247332000e+00
1.353619219542767915e+01
1.257196830565398393e+01
1.727219822981534847e+01
1.617063043254050925e+01
1.212676596325357181e+01
1.290089617000593769e+01
1.716626496316652251e+01
1.036841330596354638e+01
1.827668303467713073e+01
1.544476723335450252e+01
1.558416834637387716e+01
1.573707097829645996e+01
1.667441986577967228e+01
1.912808356289768241e+01
1.335189561248820311e+01
1.022136062872486129e+01
1.113175073872803722e+01
1.327746444352111155e+01
1.434259793858522691e+01
9.546341841293447317e+00
9.726131468629917620e+00
1.587405641443612581e+01
1.549342439251954673e+01
1.039951160316000767e+01
1.015716944674629296e+01
1.681116417587239553e+01
1.755834450720704965e+01
1.387353460056101540e+01
1.373405321235417276e+01
8.329510246026490705e+00
1.995992174917757822e+01
9.504060124105182084e+00
8.039864337593272126e+00
1.385583644331094533e+01
1.666921315193224729e+01
9.788501734568960444e+00
1.981469493258491354e+01
1.560436012207642875e+01
9.708644923240390412e+00
1.615180188577647158e+01
1.450578057008517341e+01
8.567936633901103605e+00
1.039365081752363906e+01
1.175907321242997483e+01
1.151349419466025026e+01
1.735001224614875071e+01
9.598295327143132383e+00
1.885591304692760772e+01
7.333069515550470818e+00
1.770061467697056656e+01
9.576470625811392523e+00
7.668976032307038615e+00
1.127582689345900313e+01
1.076187072852617810e+01
1.478689471032874536e+01
1.567866311051785644e+01
1.809952275808787192e+01
1.360127656724219136e+01
8.724184863366456710e+00
1.170581646693983480e+01
1.232901836273174290e+01
1.094387135519538390e+01
1.941561139945678960e+01
1.580629209992115847e+01
1.638071052024177021e+01
7.443669637108472514e+00
9.410236765761796462e+00
1.122021066402582257e+01
9.446915946054645019e+00
1.108156420301081191e+01
1.393561560407468392e+01
1.490058477501986189e+01
9.950510000318979920e+00
1.424303337020745452e+01
9.297874395491160016e+00
1.504959283216498100e+01
1.194179824354206332e+01
1.501851410039056134e+01
1.109484335389895726e+01
9.848437533022488921e+00
1.014597894656806609e+01
1.091396728625325530e+01
1.262719056696161601e+01
1.135892267069708339e+01
9.562125368319062346e+00
1.359745287593825580e+01
7.683349179830329057e+00
8.654252631153662279e+00
2.354673917063646016e+01
1.095025139768910449e+01
1.017946565259847524e+01
1.749498749282575361e+01
9.530361610624835222e+00
1.008120296871399191e+01
1.278115164949422322e+01
1.126152685558559341e+01
1.072496003136987675e+01
1.574862474885550157e+01
1.232918829961785612e+01
8.225330882305247115e+00
4.213607117013408399e+00
9.883625651507168541e+00
1.425730790063154352e+01
1.215279129924311796e+01
1.364219720251495716e+01
1.726328451378635265e+01
7.355675067387728028e+00
9.516462384267827090e+00
1.261629457802544607e+01
9.632588697600318994e+00
1.230441683166555045e+01
9.891020607078301552e+00
8.784060418034979278e+00
1.321775545879006053e+01
7.326804098870172588e+00
8.166671878855961353e+00
9.556710868687227745e+00
2.407938283082398812e+01
1.077868838337972157e+01
1.167518117686383050e+01
1.959879442284966089e+01
1.627120573479427534e+01
2.912456626470903132e+01
8.127430312346499264e+00
1.293703344693894941e+01
7.897019082223879494e+00
1.007052291612182415e+01
1.666830285885475149e+01
1.469162027835796991e+01
1.119849352868162917e+01
3.017223417090958204e+00
2.299451612296295622e+01
1.092113026359365691e+01
8.818687928468989412e+00
9.614950987318477971e+00
1.257378871682883670e+01
7.098819484837299854e+00
8.169090177591794344e+00
8.977487999005221653e+00
9.352997742409636217e+00
1.309771822686217746e+01
1.387332413274864251e+01
8.538954437093662975e+00
1.314356224087624447e+01
1.353499387331206982e+01
1.153917470429065162e+01
1.356094558631611591e+01
9.409379549630525474e+00
1.329271934194047056e+01
7.979242859833782120e+00
1.126527941797915133e+01
9.249761586062868801e+00
1.260644206028379877e+01
1.127959362158995660e+01
1.763261548600210205e+01
8.704141544144896159e+00
8.372666634908508598e+00
1.226868624458793633e+01
1.158732177499942928e+01
8.795162303692059425e+00
1.262591775586055931e+01
1.556032194895908205e+01
1.704063460628913873e+01
9.425567595093722773e+00
1.847101964720235756e+01
9.334295258217638391e+00
1.107472763984030095e+01
1.209138185395348053e+01
1.542559972961043613e+01
8.104367897090003936e+00
2.899147524976738666e+01
8.562269453342933545e+00
1.194126204337969810e+01
9.209273627409093166e+00
1.348084772096069273e+01
1.513168571520257721e+01
9.510965688206747259e+00
1.223502485440395127e+01
1.725023547306870597e+01
1.252157722255392258e+01
1.357398785969202137e+01
9.726524362508321531e+00
1.271257311615979191e+01
1.279632533949604500e+01
9.171057866768826727e+00
1.353303526706348237e+01
9.666690751765898426e+00
1.621743562146696149e+01
1.397760497028643201e+01
9.701121111895634641e+00
1.088246356923354874e+01
1.206808285429266547e+01
1.242845242314779242e+01
1.640964590575715931e+01
7.401971073480390295e+00
9.487516751146483074e+00
1.180041554022371209e+01
1.233713059419425839e+01
1.280440050091626425e+01
1.372724223537020727e+01
1.213274304148632865e+01
9.723784947658545619e+00
1.179531524965954503e+01
9.990250587250899983e+00
2.080428496684562845e+01
1.968109010089805722e+01
2.152352814556759242e+01
1.045040892682460054e+01
1.118562558032098586e+01
1.105422151324305524e+01
1.093364508979690086e+01
8.422165799483430249e+00
1.194495374125017051e+01
1.349181683970457613e+01
9.930001320911301832e+00
1.413803588693877877e+01
1.213751900537304707e+01
6.843111490821260467e+00
1.109313885099716046e+01
1.327739761712368605e+01
1.046359474555186253e+01
1.701222259387771274e+01
1.368852420523023028e+01
1.404485669344060739e+01
8.360657017489648624e+00
1.390734367966899399e+01
1.713893258618968574e+01
2.520305762951690909e+01
1.280324295637515242e+01
1.461500083549953821e+01
1.320163500688760827e+01
1.649149533515873145e+01
8.469110075478786470e+00
9.955496990098655630e+00
1.388795843519234730e+01
1.442358639970486855e+01
1.110456478088922339e+01
1.013415896415160589e+01
8.645507166090759199e+00
1.097098099117889802e+01
1.596985079447975764e+01
1.354357419126083784e+01
7.349171649476851087e+00
1.468942238136705924e+01
1.009001036573842747e+01
1.850507691414462030e+01
1.128043950650948624e+01
9.338125538530469782e+00
6.337813161190247513e+00
8.899524966771803491e+00
8.429076495278080117e+00
1.420829163992060273e+01
1.670511311382258413e+01
6.957430133792274596e+00
1.444864149214980920e+01
9.965898048679784793e+00
9.908767049757697620e+00
1.199013953953706491e+01
1.111904845432292710e+01
1.261402243273373536e+01
1.182574082424895501e+01
1.458034917194620128e+01
9.397876039336980014e+00
1.480121933437373194e+01
9.286385755726252356e+00
1.939494358342879465e+01
1.176286370419791538e+01
1.818962520000063776e+01
1.517021012680102388e+01
2.064268749696895355e+01
1.531961164411132437e+01
1.700639737169333898e+01
2.044006253217028402e+01
1.638607335857276937e+01
7.547429498502441270e+00
1.222551270065638818e+01
1.012823550041226106e+01
1.794719495359764139e+01
9.470928950786825951e+00
1.265387238816722615e+01
1.877554150080022666e+01
2.526990807618614099e+01
1.150707139137639246e+01
9.776740971159458837e+00
1.466518445062048670e+01
1.189792884717209098e+01
1.139433545273587534e+01
1.444569930983967510e+01
8.467457503899787241e+00
2.528215108111750453e+01
1.281834905447826145e+01
1.223197341373515101e+01
1.035535801048844995e+01
1.297764876266874268e+01
1.600150711003549020e+01
1.036580753598770421e+01
1.290844694852587615e+01
1.199226325108839575e+01
1.491067142262558676e+01
1.475974829305147296e+01
1.106614146339058813e+01
1.130583209699740621e+01
1.062857724822223560e+01
9.990250069210629746e+00
1.065827553883110212e+01
1.043437119279357717e+01
1.564527340638356279e+01
8.978689058749688812e+00
1.380948745491386198e+01
1.652590260753009588e+01
9.283121961956748436e+00
1.050082414275720843e+01
1.410695946420634961e+01
1.969208442095927580e+01
9.930312714780932026e+00
1.089274132084608482e+01
8.299526300184654204e+00
1.209219219231318121e+01
1.318883628279128573e+01
8.387658334904511293e+00
1.061829611004643859e+01
1.525750278549132055e+01
1.029550604765540811e+01
9.821843549908720661e+00
1.184067652588272779e+01
1.643693293688325241e+01
7.070669307749231969e+00
1.532643423817942185e+01
1.251438237801226805e+01
7.666865761140386759e+00
1.637991597356133155e+01
1.411715153439333292e+01
7.895732925141474290e+00
8.693271153952789376e+00
1.270319879147038655e+01
1.031308705285887584e+01
1.399529926264055923e+01
1.110647117740190559e+01
7.813026584097761962e+00
8.122285224882096699e+00
6.126125089946414803e+00
1.036179831998341605e+01
1.784531408158318300e+01
1.701488776876919573e+01
1.278301147814121741e+01
1.650192305302311979e+01
1.107864370939014087e+01
8.579616683164065449e+00
1.271718774879579428e+01
5.650463972825747305e+00
1.279927084584007879e+01
1.657921944030203321e+01
1.399502896411216568e+01
8.472660965126268096e+00
1.369672239066635200e+01
9.730639227133639935e+00
1.032416254124979282e+01
7.109295111700283165e+00
1.115355681029530110e+01
1.838629158482519088e+01
1.825056217903537359e+01
1.515560362429051189e+01
9.816922906962457063e+00
1.631743049578633631e+01
1.049139767719373673e+01
1.191992780311968936e+01
8.621864084168674225e+00
1.239538074042425286e+01
1.128844088070482243e+01
1.627994595946614709e+01
2.157804406777194117e+01
1.192530236199559823e+01
1.429162038501039511e+01
1.862884310044026037e+01
1.402307374685654295e+01
8.706097614394879614e+00
1.739591086495601502e+01
1.218468174766293899e+01
1.146060273217781855e+01
1.168727743632588023e+01
2.004455907523051650e+01
1.700093901736418900e+01
8.655686178303819034e+00
1.453465367219354221e+01
1.779684773341363879e+01
1.108370575664396540e+01
8.847103735794926038e+00
1.429221345597949977e+01
2.688155898651307751e+01
1.061133141536373081e+01
2.225357595271577082e+01
1.131417338274655648e+01
1.292873649935851965e+01
1.462462056433586710e+01
1.173713147902125442e+01
1.410170992665216261e+01
8.927449069264898895e+00
1.031785584043551651e+01
1.135388095969250166e+01
1.322114883109717809e+01
1.055131357733092479e+01
1.411117108054053304e+01
1.164877390041241867e+01
1.376771159382268550e+01
1.014180181548303672e+01
1.489668812359511563e+01
1.110195386069618095e+01
9.103187310098578067e+00
1.845867247840327252e+01
2.437981372924737045e+01
1.326783175651944369e+01
8.265862784416679432e+00
8.799819648314548104e+00
9.637339542394553149e+00
9.425953761324972646e+00
1.215674268470171171e+01
1.033706754942640771e+01
1.262618218067773590e+01
1.619418947780747331e+01
9.990118977700015890e+00
9.615662614883103032e+00
5.918848972413190523e+00
1.651344379744995905e+01
9.293576253034860457e+00
1.073735169296714709e+01
1.058507226226456588e+01
2.472164037723528196e+01
1.044934448794447235e+01
1.535153166660640522e+01
2.028993416243121573e+01
1.461165192214697051e+01
1.990883479925097177e+01
1.539308667637532579e+01
1.035975823341750335e+01
1.782063176233056367e+01
1.716871057994359973e+01
9.442570545938716364e+00
1.077212394895301806e+01
1.317809342637285397e+01
1.024761036370137113e+01
1.512372609371065657e+01
1.796111485153278053e+01
1.391307277144186827e+01
1.954743731272888851e+01
1.536105354212306295e+01
1.117215043154410381e+01
1.231696969221824389e+01
1.486920080927699495e+01
1.160481776144516886e+01
1.100357422223429182e+01
1.508720420548182517e+01
1.203844646834773968e+01
2.165723845327671526e+01
1.336250007143257967e+01
7.886840968353599379e+00
1.416527227643902798e+01
9.550609798909306392e+00
1.409670201151885571e+01
1.236480539242392851e+01
1.180508680967259849e+01
1.445397798433342551e+01
9.120008482895359592e+00
1.188457239661809162e+01
9.701832463711813404e+00
1.115508725751827335e+01
5.706546446725901056e+00
1.528252706809464634e+01
1.412174044476222257e+01
7.088955154130650804e+00
1.459018617305980037e+01
1.354295802770226942e+01
1.711144666367383138e+01
1.251454006295535315e+01
1.336835317857300609e+01
1.801278937280487114e+01
1.153056618919238829e+01
1.406498706154584788e+01
1.453116308094550924e+01
8.978838166586230685e+00
7.922847709480231870e+00
9.597403118860976079e+00
1.139508402834135126e+01
1.276683392779752957e+01
1.578739356809163574e+01
1.084710669573570208e+01
1.144192829719595395e+01
1.040466481545174915e+01
1.618016010760103995e+01
1.493232851218396995e+01
1.041104978104570833e+01
9.084748352480856326e+00
7.595622165741121812e+00
1.284469293862582084e+01
6.428520722427370160e+00
1.373987495506298195e+01
2.140038333236647716e+01
1.263485374894709068e+01
1.677896102928197308e+01
1.411835153458261871e+01
2.418836037451010412e+01
1.079760726939947979e+01
1.277011355750766519e+01
1.569655238082899906e+01
1.156443161569416311e+01
1.642569108783406051e+01
9.410233330651312400e+00
6.839785984932333029e+00
1.094708211613603943e+01
9.758989707073023823e+00
9.146391784838803218e+00
1.308263432136532600e+01
7.995149320405783300e+00
9.734802341762064160e+00
1.046656730660356338e+01
1.367735448153241329e+01
1.585823481576656846e+01
1.292177250885452011e+01
1.372391467659441489e+01
1.592166319490063842e+01
1.074130352744191086e+01
1.113744542011592920e+01
7.968874868553782242e+00
1.390627657295734743e+01
1.662974723802994959e+01
1.536966362550035470e+01
1.309456959240320906e+01
1.686236725152380700e+01
1.086073873877420048e+01
1.086336779775718497e+01
1.236957943592544140e+01
9.026623056710537440e+00
1.448663395100341411e+01
8.754710206642378978e+00
1.169403731945714142e+01
1.157576232966673047e+01
1.409469868573354923e+01
2.029870568241324946e+01
9.630566158205111194e+00
1.835836333387919694e+01
1.915492678718062791e+01
1.961676727734162995e+01
1.350506005042621815e+01
7.946061267999057875e+00
1.660649275608523467e+01
9.525005036013963533e+00
1.757554190963055163e+01
9.112330406162987728e+00
7.385615093240754270e+00
1.296614796077824927e+01
1.469323670488917877e+01
8.686584116844745296e+00
1.209997904588072259e+01
3.301528946508534901e+00
1.679196299344394561e+01
1.036869836255483968e+01
1.187668976770602036e+01
1.602799299307354275e+01
1.043776863922242448e+01
1.060135989518572153e+01
1.621020535088575798e+01
1.425399955463400303e+01
1.838485889923043359e+01
1.123684317137289490e+01
1.753411556433581353e+01
1.852719272988945676e+01
1.352966785457690868e+01
1.685213775947714510e+01
1.910661494308254049e+01
1.088439250672383096e+01
1.146310215735814353e+01
1.259332700788069737e+01
2.286934433217432883e+01
1.234459811210724389e+01
8.873182293297835699e+00
1.421810778797058283e+01
1.053257955663628742e+01
1.089464357876413558e+01
6.816777052414663807e+00
1.346714074955527884e+01
1.025769650109764264e+01
1.364202301040027443e+01
1.128534548080765276e+01
9.312684053210446677e+00
1.243567484367238407e+01
1.782822172506702429e+01
8.117685777666558522e+00
1.327854837409031674e+01
5.838286737052542641e+00
9.927590834332317371e+00
1.188382160690544254e+01
1.012922198223332160e+01
1.722241314325989592e+01
2.660691526036946897e+01
8.945678976540266447e+00
1.411712373344234628e+01
1.242510150071648312e+01
1.191057822192459348e+01
1.222595114607353040e+01
1.187651962144734163e+01
1.060292829786155444e+01
1.171126309881048755e+01
9.498752130399417126e+00
1.390480279487190884e+01
9.576596502500478891e+00
1.206603373169314253e+01
1.061388038326608907e+01
8.412819476489783455e+00
1.162876909095687417e+01
1.340695910127763035e+01
1.286713834760691633e+01
9.464653527564603763e+00
8.400309287792000035e+00
8.469336094260352610e+00
1.735737903899580559e+01
1.119011171003734439e+01
1.082195896351566766e+01
1.314665994041782504e+01
1.299052137334899371e+01
1.022500124693050161e+01
1.968178660290164572e+01
1.206299134513600357e+01
1.314948459879369835e+01
7.883358313585893562e+00
6.020500716624426651e+00
1.642489203652824159e+01
1.208807128005597775e+01
1.945448917841041236e+01
1.050019909967909904e+01
9.561909114237424845e+00
1.075435116720837136e+01
2.171944027002352229e+01
1.588993864455798111e+01
1.953106638614227464e+01
1.318171425616325365e+01
1.285988789458309256e+01
1.445293281981934719e+01
1.586460157855202091e+01
8.967054577393762216e+00
1.205657144684022875e+01
1.285620305016363751e+01
9.296612751358191318e+00
8.579356537450678388e+00
1.447035431917955073e+01
1.359682026071690686e+01
2.548414902431951745e+01
1.256802190809891151e+01
2.391127682929907294e+01
1.470364575806943463e+01
1.365616541699392705e+01
1.356485858047628845e+01
1.379940489143212723e+01
2.289982953241356611e+01
1.024818226948160671e+01
1.307137705584217358e+01
8.001444303414269044e+00
8.257372197698241933e+00
1.299512468457164971e+01
2.129158833904813619e+01
1.655185656086076662e+01
1.165568439369140386e+01
1.175749428330255597e+01
1.452218880030323866e+01
1.511259509844712845e+01
1.321400283302644674e+01
9.348294266391228291e+00
1.358490794869056373e+01
8.692460331767493997e+00
8.690448879974500329e+00
1.058984614507842181e+01
1.465813025797301172e+01
1.586342756718455327e+01
2.264795988964532114e+01
1.111371689979093702e+01
1.241488052059057878e+01
1.429767352629670718e+01
7.372308467969996393e+00
8.829100810047739500e+00
1.640239642327695435e+01
1.039888827653886949e+01
1.487108306646939582e+01
8.713410158543782202e+00
1.532276940545607680e+01
1.272041790716738774e+01
1.348887043734754165e+01
1.517400984326848956e+01
1.240477342777130154e+01
8.152477852283412929e+00
1.255029710618061500e+01
7.423003507796027023e+00
9.148230480026917633e+00
8.093321685620367134e+00
8.248063919690057588e+00
1.026410484907916221e+01
7.054827164407260653e+00
2.127688165663568043e+01
1.242886754383776093e+01
1.141628475775688223e+01
1.573291661308654987e+01
1.394385352764760810e+01
7.336231110675949019e+00
1.085155771046019346e+01
1.319304086149608501e+01
6.760620395895699630e+00
1.413655060723015566e+01
1.707032579253993632e+01
1.861583575032040727e+01
1.368645762472371885e+01
1.708891263290458795e+01
1.338877963330867260e+01
7.240066459675257526e+00
1.042486483657914675e+01
1.125515102176612992e+01
1.166778996232460130e+01
1.028792146429594290e+01
1.131612351876110623e+01
1.261076272559640010e+01
1.290369483606912304e+01
1.304758253645616328e+01
1.503269583514464891e+01
1.535422922714399263e+01
9.054626241997278058e+00
6.901788349394085031e+00
9.655114360930905804e+00
1.087040752816014511e+01
1.360188950678239372e+01
1.607025088109836730e+01
9.198057510755390354e+00
1.195134122897951023e+01
7.029946968488851589e+00
9.586537678625942860e+00
1.172383343788795074e+01
1.131532473280170237e+01
1.342967228075215225e+01
1.185902893305944517e+01
9.456804720854480095e+00
9.437959966683230562e+00
1.272360150193750350e+01
1.716075342243174617e+01
7.522113943022971760e+00
8.318212120839685753e+00
2.215676572130148614e+01
1.211968720677359990e+01
1.305641271262862801e+01
7.193369869426256002e+00
9.383668447127776702e+00
1.395453911600410990e+01
9.757561239429017874e+00
1.145011696450401395e+01
1.134631087978173447e+01
9.665590866614085286e+00
1.854168236444036211e+01
1.627100172575745773e+01
8.095337550654807757e+00
1.621515676864796873e+01
1.146104110505238438e+01
1.908726420064877871e+01
1.081185458070074645e+01
9.948377344944518086e+00
1.374500240994797906e+01
1.264641056462438762e+01
7.981441834228764520e+00
7.706125156642657181e+00
1.609785581182633507e+01
1.701628100842379254e+01
8.950516540493810069e+00
1.126884864026920852e+01
1.924902321527319060e+01
8.124301090420125604e+00
1.614898342470861436e+01
1.534757509618335547e+01
1.316014281548831377e+01
8.413044644422114970e+00
8.937680081249327557e+00
1.577970456282942635e+01
1.510684877193527420e+01
1.399943163164471294e+01
1.263626041925142296e+01
1.632634427480974892e+01
1.072790318123053233e+01
1.329468781680570721e+01
1.028714812223797281e+01
1.032189490062261505e+01
1.243280491724396697e+01
1.298286030709521377e+01
1.306817849372246876e+01
1.522490308695373251e+01
9.772048091006100279e+00
7.568811643009566659e+00
1.247725703291337851e+01
1.660402024083761674e+01
8.954215946404444182e+00
1.155473953531744336e+01
1.440525914072847335e+01
1.391642196677743470e+01
9.098492966236896962e+00
1.214013463728866782e+01
1.356667181132023714e+01
8.384545584026046328e+00
1.379540669188411783e+01
1.453991681811528025e+01
9.297275165698215105e+00
1.609352140921155083e+01
9.857160161982655211e+00
1.434852268532347352e+01
1.690643279599564863e+01
8.998084513579197363e+00
1.404936217652969432e+01
1.064220064829074452e+01
9.911368151673922711e+00
1.361086440020559429e+01
9.389469301020001879e+00
1.016802737686646374e+01
8.892921927734969145e+00
1.197821728120494633e+01
1.823296576671689806e+01
1.190962224094631239e+01
1.289003336094474683e+01
1.192401398363276321e+01
8.507530480568565423e+00
1.044123003175197617e+01
1.490358003151597366e+01
1.169506332020927353e+01
1.107037846875207521e+01
8.979208443094277570e+00
9.207219911963820280e+00
9.532144160408160261e+00
1.099877653951544509e+01
1.011132077796914608e+01
1.009249677566336523e+01
9.399778252712311044e+00
1.237526500008835839e+01
1.987825386433687314e+01
1.623518040115260419e+01
1.008706756231041091e+01
1.089861818077923949e+01
1.140428848196091849e+01
1.068882710929402791e+01
1.439375418041940158e+01
6.810950494892501261e+00
1.570256955157017487e+01
1.348116330277350450e+01
9.779992769212196180e+00
1.333506211057650859e+01
1.004146832589306726e+01
1.229353542101396357e+01
2.242456139051927977e+01
9.341868759561057445e+00
1.050276582603973630e+01
9.644073303008873665e+00
8.929079905624778490e+00
9.610506863176810910e+00
1.435545031373775871e+01
1.099451637445498697e+01
9.985466032296420380e+00
9.502459467523816983e+00
1.258987758924751788e+01
8.059562475430077200e+00
1.411378592918272901e+01
1.865433946783159413e+01
2.491873407837061905e+01
7.176208379142206439e+00
1.014695197880208433e+01
2.037032043422811967e+01
1.920365187797468920e+01
1.088546974141068269e+01
1.617711045886160193e+01
1.497761843083656963e+01
1.285382631609481763e+01
2.401925588881564266e+01
8.746696129132573105e+00
1.043834781853668758e+01
1.913331965020801562e+01
1.415986830643178607e+01
1.400125512287615592e+01
9.389897966678848462e+00
1.590457695899430135e+01
1.217397620125341540e+01
1.162204042198402121e+01
1.114618361778275890e+01
1.306516904618357522e+01
1.131502768681927940e+01
9.474043543923970745e+00
7.622313228615700709e+00
7.480218499985997305e+00
1.113363709344818453e+01
9.551058674650937164e+00
9.658806124365943546e+00
8.194809120859710916e+00
1.362531821512685681e+01
1.488641642641500695e+01
8.166918298456895542e+00
1.043532144141174989e+01
1.513169330488206121e+01
1.068009897133299901e+01
1.478850716078579275e+01
1.559718898489810535e+01
1.409976842342268988e+01
1.084651529028665529e+01
1.062147705246973040e+01
1.134921088117694943e+01
9.127906089189860239e+00
1.562783784447525726e+01
1.465413743187502682e+01
1.215106012133372637e+01
1.397477028485725725e+01
6.337608709105940541e+00
1.213590077532068356e+01
8.074469628534169274e+00
1.010275058391881586e+01
1.096071911284699141e+01
7.620116197698606264e+00
1.298923976942171876e+01
9.624762299927249742e+00
1.987984951225738683e+01
1.181590250800299735e+01
1.098815280261385041e+01
7.515139737965575328e+00
1.224691882329256387e+01
1.296735116213518957e+01
1.647588953193786665e+01
1.965381398196021223e+01
9.927372712281712808e+00
8.651244810834551657e+00
1.113538002610284039e+01
9.889208622976186192e+00
1.131445927448037558e+01
1.146638886035844251e+01
1.285726180833167653e+01
1.449005757442911069e+01
9.965571910568655767e+00
1.350603242195529141e+01
1.157256664663117718e+01
9.130569953948302953e+00
1.161574570848202903e+01
1.387069109719680782e+01
1.182975141121205631e+01
1.183356961282850861e+01
1.071476202398213928e+01
1.252246014792084239e+01
1.251521593984494807e+01
1.323229540524748593e+01
2.312039131263836111e+01
1.420660272477148389e+01
7.916262280902530257e+00
1.321914766188972479e+01
1.287074251870477504e+01
2.498588174400686057e+01
9.727628010617173970e+00
1.147685980963023589e+01
1.932044495278563900e+01
7.903433138426020577e+00
1.349209360104694966e+01
1.317751322867733421e+01
7.912411888665777049e+00
1.078808630534135382e+01
1.922506008240595321e+01
1.156355222044480868e+01
7.522691229868037510e+00
1.331993374164037647e+01
1.143283397279141234e+01
7.073075760351084540e+00
1.168623151775915403e+01
2.014869167723677279e+01
1.919060964076208009e+01
7.980933379164929065e+00
7.575405684540172935e+00
1.356644641741710444e+01
9.793230554996329218e+00
1.525334345399300950e+01
1.530480750729925887e+01
1.032359571716513358e+01
1.060528738619630928e+01
9.046661056056750638e+00
1.468696996622142059e+01
1.003646194542555037e+01
2.296890757084688772e+01
1.095468762693145948e+01
1.782710886901504566e+01
1.602785467338645375e+01
1.389226267136799109e+01
7.962423620949675929e+00
9.317334742340253939e+00
1.385927659952137780e+01
1.042633529949941718e+01
9.808890540696378224e+00
1.581336314787868780e+01
1.484908512262644464e+01
1.066622975582531829e+01
1.373368550994966952e+01
1.218242990479871146e+01
8.085917454893236211e+00
1.780487881990234555e+01
9.370732364444119611e+00
1.223490035456763714e+01
1.051056917982864292e+01
2.224545601086328972e+01
1.819274091330298759e+01
1.551554706142583129e+01
1.170173653641003142e+01
1.373571377058691212e+01
8.475282472355356589e+00
1.656938542538369674e+01
1.100622773337492255e+01
5.324513500024622203e+00
1.929066527217628035e+01
1.088173851987494523e+01
8.998332684580486074e+00
1.372274638601794017e+01
2.970715180309938930e+01
2.318993490855636352e+01
7.487716010319852344e+00
1.440159624597488630e+01
1.358433313484962923e+01
1.327591121630776883e+01
1.273107513948584035e+01
1.385891683025161392e+01
1.154916042972926604e+01
9.421715491382151697e+00
1.410161470537187611e+01
1.353778998295477365e+01
1.304013216089990657e+01
8.176964461531710526e+00
1.658849051316796874e+01
1.294487828566261101e+01
1.151238454852899551e+01
1.510533473504236035e+01
8.695581882342342084e+00
7.382248759213681844e+00
7.574909087040711420e+00
7.927205704560551069e+00
1.113732714486928721e+01
1.701068682863347448e+01
9.415502115006242789e+00
1.059469690273253839e+01
7.002251329506006705e+00
1.085988573249934319e+01
1.096881090921369051e+01
9.959681108546186934e+00
1.088569336451317682e+01
1.306656951933401167e+01
1.043366030380624210e+01
8.633437857951552274e+00
8.830604074179770890e+00
1.546476658165963158e+01
8.066997782929600902e+00
9.207886303277495799e+00
1.236545045456751879e+01
1.471620942940044330e+01
1.861768845429060093e+01
2.131373190753393487e+01
2.087357151456627591e+01
1.116853822913853556e+01
8.610018412951502498e+00
1.225946918425846555e+01
1.074735491704231549e+01
1.613140128880476709e+01
1.272395305154223877e+01
1.027425807954039527e+01
9.809447987503464361e+00
1.569376039684270197e+01
1.390524202803629628e+01
1.058851714105593800e+01
1.109601135686349060e+01
1.352110711476623095e+01
8.724710614243944562e+00
2.386787876599569813e+01
1.752078670403880878e+01
1.657310750921203990e+01
2.229925448868281990e+01
1.355204400087303007e+01
1.447052465329904614e+01
1.300470302094715080e+01
1.392338903798586536e+01
9.183346386582950771e+00
6.907836904559698787e+00
9.420375876237319090e+00
9.505811662539748852e+00
1.262574445288201908e+01
1.700845101824522132e+01
1.766852458599166553e+01
1.761359850327942667e+01
1.027943898513460397e+01
1.176831476141565069e+01
1.763518007967252998e+01
9.856963542669465284e+00
1.407853061992094368e+01
1.047589605917540290e+01
1.202143417752057353e+01
8.245028193161427765e+00
2.702710253027759535e+01
1.634575006584248413e+01
9.466184178001151750e+00
1.411927372410299064e+01
1.612834404323541548e+01
1.676907279849714882e+01
1.746756344963710816e+01
9.899262177986676292e+00
1.028260596090851031e+01
1.600227027689304649e+01
8.128302387529650730e+00
9.949750670619712523e+00
1.185924355497485294e+01
1.872692357156059018e+01
1.491717106638167500e+01
1.005535400033510740e+01
2.398342744647424496e+01
1.337203299644113308e+01
1.679980904121666185e+01
1.405971608450506594e+01
1.109736920046120368e+01
1.286429402315688186e+01
1.012452783546718571e+01
1.519280564644168230e+01
1.378160947106945144e+01
1.504892533001225452e+01
8.325328227744414278e+00
1.987110902712566585e+01
1.452506928910976924e+01
1.101929603541618974e+01
9.178124278106960077e+00
7.919549699589630620e+00
1.490854783492766344e+01
6.899052890586200526e+00
1.467270968860141522e+01
1.698454115933445152e+01
1.261802867470044909e+01
7.706122809979221167e+00
1.612252645162678277e+01
1.133206657042636856e+01
1.343307447656576237e+01
2.520999308255876770e+01
1.118037105880894266e+01
6.292592746189547448e+00
1.124123404574771179e+01
1.463363184290616559e+01
1.417032403541102781e+01
1.031398600705770896e+01
1.285141568053197503e+01
9.751882952748387012e+00
8.963534233380801908e+00
1.707027536958515768e+01
8.768521706448154873e+00
8.885087865309504451e+00
7.151149728541253303e+00
1.149677980943607558e+01
1.296074255549073229e+01
6.299734685269787526e+00
1.474747311179826781e+01
1.084323558710968349e+01
7.305368837855709785e+00
7.553293698825884306e+00
1.357405147523859767e+01
1.247298732080629513e+01
1.157036586117478194e+01
9.780136785884991468e+00
1.052637281169501016e+01
1.278439566916646442e+01
1.136975967822193390e+01
1.430636864160774380e+01
5.566903275173531895e+00
1.371327025893598339e+01
1.019793275360463980e+01
1.035847852626105059e+01
1.227244319464353950e+01
1.034390827165020710e+01
1.423569171383341470e+01
1.285601638302517635e+01
1.177559341926078318e+01
6.149064700348128909e+00
8.534332184792301490e+00
1.175951671488695283e+01
1.242623698859462777e+01
8.590415562163643770e+00
7.232337899637877321e+00
1.301835488641232885e+01
7.497581368290123116e+00
1.320367004208084971e+01
1.579184934014237918e+01
8.874091424535443196e+00
1.231303228911696657e+01
1.908081147485089346e+01
9.045945658212731999e+00
1.255011927200452604e+01
7.997801517980448693e+00
9.958429180270252701e+00
9.676883929722071898e+00
9.170152837158816794e+00
8.665274211724806719e+00
1.710810094196486020e+01
2.329955823008461024e+01
6.626721718015530449e+00
1.544947339041473988e+01
1.328570122886652349e+01
1.285062216565500037e+01
1.606204687915835905e+01
9.187853213489631798e+00
1.603128704857990883e+01
8.303774080301190352e+00
8.410284092814112711e+00
9.154524007067413649e+00
1.023744383903696153e+01
1.149912527521443018e+01
1.386173676372414754e+01
2.037615009412502332e+01
1.308721865135215801e+01
1.858741003983292472e+01
7.674074253066927476e+00
1.591320770532805540e+01
1.088932540723367559e+01
1.161513731796457272e+01
1.316444358540842785e+01
1.500532127564583718e+01
2.471864560370690711e+01
9.151384764161756280e+00
1.084274245369508272e+01
1.238117528345452101e+01
5.837366076824428873e+00
1.194747957811659766e+01
1.027078598648300733e+01
8.802747579356081431e+00
1.090867981657337538e+01
1.536567871491599391e+01
1.292094021513541513e+01
8.223395024164497968e+00
8.846213377587364590e+00
1.215017123619717943e+01
1.083900768681614224e+01
1.375607389958620885e+01
9.639625443483078371e+00
1.487146862547370851e+01
1.234077181192241568e+01
1.097292488299890501e+01
7.795191767665748728e+00
1.357449529303953639e+01
9.854332093894447198e+00
1.101843491913397699e+01
2.418189890125673713e+01
1.002820802413131140e+01
1.284183266739997187e+01
5.958669168156058404e+00
1.517788151079260928e+01
1.941721299729467987e+01
1.109296975053578116e+01
1.290541156733699601e+01
9.483010378795919237e+00
1.434956905138105476e+01
1.666072622780995971e+01
1.636094562979787881e+01
1.031185994398811090e+01
1.129624585023633898e+01
1.036692660076900374e+01
1.413925101828024644e+01
1.811081903545263572e+01
1.032092633004242721e+01
8.107199130037880508e+00
9.871919976272906183e+00
1.184710975427813828e+01
1.408972058190771470e+01
1.352001939357127114e+01
1.621192403942584903e+01
1.001835174669276007e+01
1.041870354622407469e+01
1.096680000031893876e+01
1.451328269409624916e+01
2.050013550396310436e+01
1.431097601531422825e+01
1.533087192124870768e+01
9.555350720398386954e+00
1.300062937386996786e+01
9.470703695085816776e+00
1.575482142925548601e+01
7.867680248477523897e+00
1.674765604216282355e+01
6.841792435955316165e+00
5.959910468577133358e+00
1.222652714211449343e+01
1.081236588023718781e+01
1.111029262125638439e+01
7.219330902413252815e+00
1.267523084483789297e+01
1.241036416161121458e+01
8.623925043390403999e+00
9.199603779455596708e+00
1.459160698053687710e+01
8.408470416539007175e+00
1.148650461586509408e+01
1.065414811397639916e+01
1.074535903116294655e+01
1.192134701697672483e+01
2.309584785284085484e+01
1.125114863095457451e+01
8.238105424466878546e+00
1.005351344799731628e+01
9.890937021381160932e+00
1.411653672703166862e+01
2.459943284525144236e+01
1.032809279476751030e+01
1.116824858752412908e+01
1.028593488215448382e+01
9.380031395799553806e+00
1.296475496934852600e+01
2.095974184814511787e+01
1.285383701901997178e+01
1.430992335434207519e+01
8.805726949428050787e+00
8.907763683885532302e+00
1.707624276641761796e+01
1.088257438521682374e+01
1.697763119552744016e+01
1.746717050662059378e+01
1.004953169826658055e+01
6.620292139414350352e+00
7.605530883316988344e+00
1.816450599121932896e+01
1.669003479043050930e+01
1.201526383589077618e+01
1.812165487099253625e+01
1.222336932328880366e+01
1.209893100269645139e+01
1.890371067359476243e+01
1.840700732225850089e+01
1.222745902086805714e+01
1.528421576513572511e+01
1.079645493990576632e+01
1.055895890416372040e+01
1.162367664227026154e+01
1.799706166394202356e+01
8.035298622055091045e+00
1.721774863045216009e+01
1.147254762281854035e+01
1.235050051845411367e+01
1.324838160641659535e+01
1.680923710182475261e+01
1.329445886598196580e+01
1.324651847997169263e+01
1.076912804851645866e+01
1.225242523101453074e+01
1.206742562223129589e+01
1.039784184127951150e+01
1.254278605049368167e+01
1.754475552889111967e+01
1.277992164166424871e+01
1.569325046271635316e+01
9.863311063781054600e+00
1.574331470861707238e+01
1.054184874727877919e+01
1.108348248291786042e+01
7.839942254325421800e+00
1.706064674200795750e+01
1.123561277859036700e+01
1.117457779845884147e+01
9.734651185106136140e+00
1.593691510593673399e+01
1.330470891458961447e+01
8.207860143332444736e+00
1.132360497029841895e+01
1.157339589413099290e+01
2.315698289863282255e+01
1.276011898668109268e+01
1.743181684726107861e+01
1.155238820128220567e+01
1.204480249411557580e+01
7.276784460169851698e+00
1.766361394250477801e+01
1.351844252458020179e+01
6.751754566196758844e+00
1.545329809476006311e+01
1.773688616524217920e+01
1.727772509644838905e+01
1.600233896297553216e+01
1.575274364541838601e+01
9.722599228111626246e+00
9.483514146077434148e+00
1.099501865999185135e+01
1.542669308686533647e+01
1.188735286338260266e+01
1.296627278833879515e+01
1.315275675303951530e+01
7.688984089739042460e+00
6.795112194653040838e+00
1.468452159262069934e+01
1.398112626914738144e+01
1.113702457295678094e+01
1.019889804830918756e+01
1.162758743992974608e+01
1.665944688978770571e+01
1.891601832530191274e+01
1.006377341063599751e+01
2.027544559454717543e+01
1.446725358869020184e+01
1.008323548592892216e+01
2.361745021537941369e+01
1.122787569934941843e+01
1.135847328248020638e+01
1.352531838022452071e+01
1.065954083663534746e+01
1.725771407709808614e+01
1.028311825529601897e+01
9.945721149231385283e+00
1.461515632294156930e+01
1.134168897661591835e+01
1.027878107483697256e+01
2.361494234688357352e+01
1.482323561464639106e+01
1.489495661696565421e+01
1.041315670365724522e+01
9.861266744244622018e+00
2.338147307365067107e+01
1.078068621569745744e+01
1.055765629256763738e+01
7.864074925430966978e+00
1.119462088823645729e+01
1.083744558323409990e+01
1.675272469872041015e+01
1.043875701657996302e+01
2.231739829326235025e+01
7.320376418295854393e+00
1.042449545620799967e+01
1.549904593441325318e+01
8.097301218492816588e+00
1.014499422381413396e+01
1.060686271310629003e+01
1.444004470620198788e+01
1.287978627182240743e+01
1.220490257648263110e+01
1.175556494152573528e+01
1.722684039190221483e+01
1.017978713156733050e+01
9.386445172115475799e+00
1.595040150136803803e+01
1.009147302998786877e+01
1.447753824342062501e+01
1.489785058882471525e+01
1.084616722979037817e+01
1.249807202362607050e+01
1.450967179477359359e+01
1.419936882464571859e+01
1.269357141996336225e+01
1.274881333539181938e+01
9.865110199245965106e+00
1.025445332184520630e+01
1.552568241918041636e+01
1.065753122371523709e+01
1.598274548495579239e+01
4.106499701615426545e+00
1.035124941065009452e+01
1.230442307934442248e+01
1.576848910288831185e+01
9.323080072649602812e+00
9.502956369924387303e+00
6.854964702894840833e+00
1.207556412848877159e+01
9.044297514827102091e+00
1.209355372471379297e+01
1.767940563155165279e+01
1.563941476200464997e+01
9.593072350958834704e+00
1.046237153704244704e+01
1.550897340878670327e+01
1.062272466414079020e+01
1.316297854828488667e+01
1.324228884186521960e+01
9.737038597699674725e+00
1.514476520582818075e+01
6.292518077581619629e+00
1.018032066608247099e+01
1.395413757376479325e+01
9.440084574908544468e+00
9.627583779884174575e+00
1.167388895905020085e+01
1.197603424863922150e+01
1.219640487804918472e+01
1.324516819330456485e+01
1.145665429752721209e+01
1.573111167833948976e+01
1.336593570539061027e+01
6.502869068007378850e+00
8.648877790331301441e+00
1.621435149244077678e+01
1.393301131158811579e+01
1.518158940086220632e+01
1.096143559300862513e+01
9.231243344150930952e+00
1.213680277057671653e+01
1.016200154790307941e+01
6.854551448038964878e+00
7.953195135765977142e+00
2.288903593908240097e+01
1.186059193274548917e+01
9.064535535666845334e+00
1.096629051905868835e+01
1.143131334346410277e+01
9.840579365673088219e+00
1.868927114406246304e+01
1.499244930086604555e+01
9.329863757602790741e+00
1.308375431584437365e+01
1.411387760458248763e+01
1.478706558590689468e+01
1.034706253503554585e+01
1.151096207344648725e+01
1.404520496893466053e+01
1.226187898331689752e+01
1.062236588427987805e+01
9.048011827842497468e+00
9.905232172722786999e+00
9.685807515400339796e+00
1.376200382062312499e+01
1.437625637706185522e+01
1.146321799556936050e+01
8.693444131163508004e+00
8.917241021087587427e+00
1.316006137281713961e+01
1.031025493179483021e+01
1.187720722793338091e+01
1.071725149810551514e+01
1.039627403452313992e+01
1.045490505103819423e+01
1.046133398923356772e+01
1.327106766382043901e+01
1.252993873137386416e+01
1.493608083755349725e+01
1.759832388600496245e+01
1.489641517626642475e+01
1.274226770233578598e+01
1.349164063331373775e+01
8.067312237281811349e+00
1.532277969970544262e+01
1.940673375647048715e+01
1.269872874739024482e+01
9.807963048842431419e+00
2.385261468193738921e+01
1.579547366150917576e+01
2.335513756967098331e+01
1.354957347702343995e+01
1.719996082356744793e+01
7.751619893224623858e+00
8.578037549962935771e+00
8.499687244162284827e+00
1.427008765040425153e+01
7.241754377628287109e+00
1.299796398319315749e+01
9.992187698393410145e+00
1.128363432856000159e+01
1.036370986510088166e+01
1.601722733591283543e+01
1.846604486018650704e+01
1.019875976481375623e+01
1.555803379104241202e+01
9.362683411397153321e+00
1.117068531824794775e+01
1.123547712605923365e+01
8.189615857695077494e+00
1.240792410833733506e+01
1.016940196852520906e+01
1.573031748669830776e+01
1.232105278662597136e+01
9.182275598208812895e+00
1.636592184513131443e+01
1.367215133625425594e+01
8.475665189318958070e+00
9.558493973810810118e+00
2.038991833319404989e+01
1.518024569950178559e+01
1.153225858865195441e+01
1.103691523718103262e+01
1.295903730065290560e+01
1.149845013412022965e+01
1.306672504135898016e+01
1.154948560405690294e+01
1.041713229101537230e+01
9.685429337866819921e+00
2.039814599855051469e+01
1.144109707168178147e+01
1.479039144171299647e+01
1.272242357601243512e+01
1.699283654652074205e+01
9.726833398555609023e+00
1.212014287625965814e+01
1.055618199205494712e+01
9.555073297516763375e+00
1.338661664509045046e+01
1.253592045975968006e+01
9.271868732493867782e+00
8.779134401520433784e+00
1.879827157572444918e+01
1.081895159036886334e+01
1.036378901133531727e+01
1.010598330249715104e+01
1.480257324714767719e+01
1.661510711018218345e+01
9.038449379751446244e+00
1.360448441267273800e+01
1.239775231888229179e+01
7.572527479131938577e+00
1.424264423125733181e+01
6.990820613735110989e+00
1.020894617169204999e+01
1.375082221192926291e+01
8.021188942334559258e+00
1.004455369722640157e+01
1.065209250813167152e+01
1.760230936593901774e+01
5.794372156930098328e+00
7.725827312535948899e+00
1.489283414820295448e+01
8.167962497181919801e+00
