,0,1,2,3,4,5,6,7
0,20.385514849170587,23.19911670977084,21.168978364347485,16.897412638386143,22.03059183572387,31.448252100904853,13.016741310047221,10.511923728751938
1,23.19911670977084,2.227846577297957,17.83522681921012,37.44719286575902,20.156678397040427,19.955242512960925,24.882444714991845,20.684174782864616
2,21.168978364347485,17.83522681921012,8.64203355359761,12.461668908584157,13.85635782866682,23.198188792144084,18.330629262077224,13.393865417682964
3,16.897412638386143,37.44719286575902,12.461668908584157,5.305783853711721,13.701068606721167,17.18879259484362,11.24134352309195,6.286356517754137
4,22.03059183572387,20.156678397040427,13.85635782866682,13.701068606721167,12.917171272322763,22.47543586596182,21.620946282255968,19.231376342113762
5,31.448252100904853,19.955242512960925,23.198188792144084,17.18879259484362,22.47543586596182,14.460085434894763,30.816192803266524,28.537018125947334
6,13.016741310047221,24.882444714991845,18.330629262077224,11.24134352309195,21.620946282255968,30.816192803266524,8.136548754067073,10.842997055107368
7,10.511923728751938,20.684174782864616,13.393865417682964,6.286356517754137,19.231376342113762,28.537018125947334,10.842997055107368,1.2699655318856151
