,0,1,2,3,4,5,6,7
0,8.635713059754236,23.707124167978957,22.28539957907469,9.346702764874477,15.93835461280343,15.653429235414096,13.47244674726723,12.46528659027153
1,23.707124167978957,2.438934213322612,21.704715376696438,14.391460367071465,12.653389584631483,16.250296859127126,12.803863882360439,14.32437138598124
2,22.28539957907469,21.704715376696438,8.09248300747318,23.743618793520852,18.890056830824673,31.72621778102062,30.747011586700403,21.94842245332932
3,9.346702764874477,14.391460367071465,23.743618793520852,3.1032053615747923,10.535251923497288,13.097709337008599,8.882595948791186,9.55937323231474
4,15.93835461280343,12.653389584631483,18.890056830824673,10.535251923497288,10.509343670302314,14.082704348632664,13.681532802785616,14.785592897299438
5,15.653429235414096,16.250296859127126,31.72621778102062,13.097709337008599,14.082704348632664,11.041464295859967,13.060534909928306,12.780800882714026
6,13.47244674726723,12.803863882360439,30.747011586700403,8.882595948791186,13.681532802785616,13.060534909928306,5.021459326250193,6.835513653822163
7,12.46528659027153,14.32437138598124,21.94842245332932,9.55937323231474,14.785592897299438,12.780800882714026,6.835513653822163,0.8958186426340328
