,0,1,2,3,4,5,6,7
0,7.6677812293872325,12.935225655055326,12.524764663312729,19.322435271618573,23.012310286345294,16.707418151421173,28.102522591884632,16.860314816719622
1,12.935225655055326,2.064176613665612,5.427446962704948,13.332911864635468,13.167057280629804,11.985275703193496,24.105132437928873,12.824661338882898
2,12.524764663312729,5.427446962704948,5.130135438938017,16.351881414476615,14.743948485933489,11.48046598901418,16.88728906884708,17.76332806208205
3,19.322435271618573,13.332911864635468,16.351881414476615,5.954344727293028,24.804658851938562,23.45726741909146,19.725457391724838,21.509860337599125
4,23.012310286345294,13.167057280629804,14.743948485933489,24.804658851938562,13.811643415604793,15.202643505985078,28.243980558754608,22.083314618405073
5,16.707418151421173,11.985275703193496,11.48046598901418,23.45726741909146,15.202643505985078,10.413250135408228,21.553527373968453,24.91884877848882
6,28.102522591884632,24.105132437928873,16.88728906884708,19.725457391724838,28.243980558754608,21.553527373968453,9.506917509274286,20.655182069084763
7,16.860314816719622,12.824661338882898,17.76332806208205,21.509860337599125,22.083314618405073,24.91884877848882,20.655182069084763,1.0285525470041637
