,0,1,2,3,4,5,6,7
0,33.212354614890955,28.976712723239,28.115812892490244,37.540049553781536,40.47108854206908,39.26867763484623,49.02882607959715,36.09400003261524
1,28.976712723239,18.564839680082095,17.264776953157128,30.717546409763067,35.828491627209395,34.09387776199472,45.308388015127086,27.93458552629238
2,28.115812892490244,17.264776953157128,15.36081782364331,29.75258234543877,35.50899800003058,33.669826647027556,45.25188162447218,26.67056802444278
3,37.540049553781536,30.717546409763067,29.75258234543877,40.81415808982702,44.33375584608073,42.684747833388066,53.15234546773449,40.164255977585796
4,40.47108854206908,35.828491627209395,35.50899800003058,44.33375584608073,45.35920363689722,44.259628995323474,52.940322853475635,43.762084339584796
5,39.26867763484623,34.09387776199472,33.669826647027556,42.684747833388066,44.259628995323474,42.66334469266881,51.46408894418782,41.94174331846337
6,49.02882607959715,45.308388015127086,45.25188162447218,53.15234546773449,52.940322853475635,51.46408894418782,56.91172495534334,53.22184242595845
7,36.09400003261524,27.93458552629238,26.67056802444278,40.164255977585796,43.762084339584796,41.94174331846337,53.22184242595845,37.60241084480436
