,0,1,2,3,4,5,6,7
0,8.292380091566985,14.66282017985268,22.327596178579885,13.580295651796268,15.472748751938846,15.93920882876967,13.510874148893551,13.812567903568336
1,14.66282017985268,3.1354212487533513,12.477444930056754,16.772807163233153,10.701480472709433,11.992008206612418,9.836661290197563,12.424223167965843
2,22.327596178579885,12.477444930056754,6.044512724952995,13.554180917202775,12.543287545493923,13.843021299270646,10.959166785070803,11.72405322434582
3,13.580295651796268,16.772807163233153,13.554180917202775,4.640040269289915,13.091979939603167,16.56940935915103,16.713041594701515,16.943405982534074
4,15.472748751938846,10.701480472709433,12.543287545493923,13.091979939603167,8.873850297624426,12.758400882681581,13.060790499090198,14.890968248794161
5,15.93920882876967,11.992008206612418,13.843021299270646,16.56940935915103,12.758400882681581,8.754206200714972,11.292331449722246,17.119019887750248
6,13.510874148893551,9.836661290197563,10.959166785070803,16.713041594701515,13.060790499090198,11.292331449722246,6.563034193258143,15.929519788630516
7,13.812567903568336,12.424223167965843,11.72405322434582,16.943405982534074,14.890968248794161,17.119019887750248,15.929519788630516,0.9581933489500684
