,0,1,2,3,4,5,6,7
0,23.098659422631354,25.3934275873001,28.729621282956955,22.818699903649698,28.132394148889816,33.20699003808666,25.103393855037066,20.635698593251288
1,25.3934275873001,28.350241891690523,32.10163932434983,25.948211459543188,31.093923416038518,36.57748109683185,27.60620916211594,23.833743963705384
2,28.729621282956955,32.10163932434983,35.71224330245619,30.505353957415913,34.36550610393465,39.54169056487247,30.849523244806196,29.10879994821138
3,22.818699903649698,25.948211459543188,30.505353957415913,22.264178395432282,29.50915569045423,35.972064401005305,25.473553736043996,18.643183170665797
4,28.132394148889816,31.093923416038518,34.36550610393465,29.50915569045423,33.26050247119105,38.07508271808481,30.07808139148443,28.17299508692687
5,33.20699003808666,36.57748109683185,39.54169056487247,35.972064401005305,38.07508271808481,42.2951895770215,34.977523430902174,35.43604293825601
6,25.103393855037066,27.60620916211594,30.849523244806196,25.473553736043996,30.07808139148443,34.977523430902174,27.04674602364809,23.691548513920537
7,20.635698593251288,23.833743963705384,29.10879994821138,18.643183170665797,28.17299508692687,35.43604293825601,23.691548513920537,12.594184826640028
