,0,1,2,3,4,5,6,7
0,38.457654370779736,34.05326570189628,49.08012345636138,32.34485326258558,33.87297099953056,38.56542298602535,31.92150025229498,34.27013449920083
1,34.05326570189628,22.08673714681398,46.09459434682616,19.328196798945314,24.50885631750049,33.12354262870219,22.34290997989877,21.207515259593507
2,49.08012345636138,46.09459434682616,59.292669547926835,45.435039740766236,44.556342460296946,49.30064049374446,41.979093887041635,48.26582190213399
3,32.34485326258558,19.328196798945314,45.435039740766236,13.028456031304643,21.65799675488351,31.11188635881813,18.999497559672957,15.636427167796084
4,33.87297099953056,24.50885631750049,44.556342460296946,21.65799675488351,25.295644492429325,32.788387237509184,23.51535998838176,23.333708035415494
5,38.56542298602535,33.12354262870219,49.30064049374446,31.11188635881813,32.788387237509184,37.91127214893138,30.66559473207763,33.12682143320201
6,31.92150025229498,22.34290997989877,41.979093887041635,18.999497559672957,23.51535998838176,30.66559473207763,21.02178475281995,20.41964607517898
7,34.27013449920083,21.207515259593507,48.26582190213399,15.636427167796084,23.333708035415494,33.12682143320201,20.41964607517898,17.58593782209199
