,0,1,2,3,4,5,6,7
0,10.538428825214298,17.611666253999257,16.722305329822614,20.793094704437156,21.67103055486498,21.954194368575667,21.329876505717383,16.449683871521533
1,17.611666253999257,6.766762338001198,41.14339159937073,19.350599000189913,19.401990361600326,19.15094590358876,55.27192174016674,22.655944570243125
2,16.722305329822614,41.14339159937073,5.303394969199543,16.39817368417169,18.92105468559303,20.76136645424629,22.942390692884647,39.21671030791334
3,20.793094704437156,19.350599000189913,16.39817368417169,12.138213549375083,41.82947793149743,22.483373259141285,37.52983891851834,14.296487189962813
4,21.67103055486498,19.401990361600326,18.92105468559303,41.82947793149743,12.148346620060797,18.752787220440023,46.029513473326745,34.484253435222065
5,21.954194368575667,19.15094590358876,20.76136645424629,22.483373259141285,18.752787220440023,21.14982825345745,58.47956278795389,46.88000906750592
6,21.329876505717383,55.27192174016674,22.942390692884647,37.52983891851834,46.029513473326745,58.47956278795389,16.208910732232212,37.53394226502572
7,16.449683871521533,22.655944570243125,39.21671030791334,14.296487189962813,34.484253435222065,46.88000906750592,37.53394226502572,1.1907280808468075
