,0,1,2,3,4,5,6,7
0,14.171391283095607,25.170337921613555,20.33361742784606,23.087509128497274,29.930618014192344,38.63811169913916,25.41100157800039,13.592377659430545
1,25.170337921613555,2.6436779427443073,18.542075389018287,16.433173363836776,14.885489715613556,20.784671949110503,29.696891552257924,20.556943430154696
2,20.33361742784606,18.542075389018287,6.77471043568552,12.97951461684851,24.075591927854145,29.942988673933833,17.36114283194765,14.134404161499932
3,23.087509128497274,16.433173363836776,12.97951461684851,7.061450936732304,39.90911350812952,47.92060132075178,21.657329894353964,20.666542411830555
4,29.930618014192344,14.885489715613556,24.075591927854145,39.90911350812952,14.615166968493655,19.882037616795998,21.92295586133639,29.84757878293187
5,38.63811169913916,20.784671949110503,29.942988673933833,47.92060132075178,19.882037616795998,14.045522557125263,25.581987062474813,30.59561126371809
6,25.41100157800039,29.696891552257924,17.36114283194765,21.657329894353964,21.92295586133639,25.581987062474813,12.225817168100187,47.054833584977835
7,13.592377659430545,20.556943430154696,14.134404161499932,20.666542411830555,29.84757878293187,30.59561126371809,47.054833584977835,1.4146435211221866
