,0,1,2,3,4,5,6,7
0,8.72703343727044,17.198446719076216,11.515921108457217,10.037654680354603,15.627266769073263,17.62934818709697,16.4722315240802,13.00767522324176
1,17.198446719076216,2.3489724664324214,18.393736644076732,15.252936997527618,11.63696775594049,15.142588086512033,13.10580983979324,14.774836824014026
2,11.515921108457217,18.393736644076732,6.4945902849973836,12.233076174353425,14.455616322410805,16.67853689688424,14.862046842719877,15.959530700491642
3,10.037654680354603,15.252936997527618,12.233076174353425,3.0322419130871285,13.171003140821503,14.770707960638415,13.527215458773815,14.572712733252784
4,15.627266769073263,11.63696775594049,14.455616322410805,13.171003140821503,9.957433353995421,13.632280599843996,19.160978267656702,18.39725814355738
5,17.62934818709697,15.142588086512033,16.67853689688424,14.770707960638415,13.632280599843996,13.545595955589041,20.459605159474357,19.274805107208785
6,16.4722315240802,13.10580983979324,14.862046842719877,13.527215458773815,19.160978267656702,20.459605159474357,7.0023114220962395,9.018438244928806
7,13.00767522324176,14.774836824014026,15.959530700491642,14.572712733252784,18.39725814355738,19.274805107208785,9.018438244928806,1.1030831130875052
