,0,1,2,3,4,5,6,7
0,26.571045479431238,29.75766527447744,24.155378856434247,24.62145327258692,31.99945599109421,29.29836195517845,30.694992491353737,26.623310034992794
1,29.75766527447744,32.14543532603137,26.995857169403827,27.69625016611535,34.564699019318695,31.72176726748702,33.1207700158651,30.139255101556127
2,24.155378856434247,26.995857169403827,18.615469554010296,19.13727186824208,29.938061498067636,26.428855754116803,27.984816659898794,21.40648676053621
3,24.62145327258692,27.69625016611535,19.13727186824208,18.747725351452672,30.781768891129275,27.062735321444713,28.791078210039522,21.927320194458588
4,31.99945599109421,34.564699019318695,29.938061498067636,30.781768891129275,35.870725667656274,33.58810958907647,35.051663100180384,32.99088884046295
5,29.29836195517845,31.72176726748702,26.428855754116803,27.062735321444713,33.58810958907647,30.601778760471,32.35470901870878,29.108084511200598
6,30.694992491353737,33.1207700158651,27.984816659898794,28.791078210039522,35.051663100180384,32.35470901870878,32.09757441611344,30.274170294457317
7,26.623310034992794,30.139255101556127,21.40648676053621,21.927320194458588,32.99088884046295,29.108084511200598,30.274170294457317,24.021477748905212
