,0,1,2,3,4,5,6,7
0,27.785966318802494,28.90787789823989,26.770929837581996,24.178766559954926,33.19504251755091,37.71117569424867,39.99801567002202,31.097710503676115
1,28.90787789823989,28.716683253929993,27.24262899890593,23.93266045677029,34.4045992200525,39.63800434708387,41.52369797245713,32.07729114549384
2,26.770929837581996,27.24262899890593,23.39365664666081,20.050731739034706,32.97446555171487,38.441772004560875,40.741893073188734,29.660490066924535
3,24.178766559954926,23.93266045677029,20.050731739034706,13.155913652308103,31.071853075165986,37.20208188744613,39.630486239766455,25.93544073545866
4,33.19504251755091,34.4045992200525,32.97446555171487,31.071853075165986,37.884751624108866,42.43597600516573,44.25178230795194,37.64451624176162
5,37.71117569424867,39.63800434708387,38.441772004560875,37.20208188744613,42.43597600516573,45.84677645194505,47.874240919172685,43.37926939904486
6,39.99801567002202,41.52369797245713,40.741893073188734,39.630486239766455,44.25178230795194,47.874240919172685,47.90938847478372,44.86371712342232
7,31.097710503676115,32.07729114549384,29.660490066924535,25.93544073545866,37.64451624176162,43.37926939904486,44.86371712342232,35.52933462890422
