,0,1,2,3,4,5,6,7
0,14.191309448378009,36.481694754734356,20.073988681038013,19.98999258731831,46.99710409356794,26.10095335262923,34.57882888153898,19.67999222578281
1,36.481694754734356,3.26350832018906,22.29900634074282,33.74724561507964,29.905103862718097,30.650013512108945,24.763367242890478,24.319502098817885
2,20.073988681038013,22.29900634074282,9.074910804757364,17.928535773811014,25.990104776226254,22.95117798899772,18.77142215776759,11.595971505963504
3,19.98999258731831,33.74724561507964,17.928535773811014,3.252120045716607,13.63488708324809,22.49323658898605,14.130834022343818,11.96127844446437
4,46.99710409356794,29.905103862718097,25.990104776226254,13.63488708324809,10.631680207614625,23.984031994507692,23.00814194658948,16.137626811677087
5,26.10095335262923,30.650013512108945,22.95117798899772,22.49323658898605,23.984031994507692,10.875315853125397,57.26102752841353,45.33362547510613
6,34.57882888153898,24.763367242890478,18.77142215776759,14.130834022343818,23.00814194658948,57.26102752841353,8.493453219396875,10.551302174841105
7,19.67999222578281,24.319502098817885,11.595971505963504,11.96127844446437,16.137626811677087,45.33362547510613,10.551302174841105,1.1520185297699583
