,0,1,2,3,4,5,6,7
0,78.48201895144227,70.17396728958974,82.23568206634062,68.06852288516701,71.70632659919382,69.59566524198031,92.66885034058456,85.51046256613802
1,70.17396728958974,56.220028218101255,73.07499396689371,50.275344048005415,59.65710312881423,56.683198851119926,88.0785428446792,75.6437840470917
2,82.23568206634062,73.07499396689371,87.70897548963471,70.90429146233868,74.67106124753904,72.13585525008749,98.69611684415938,92.96703446332349
3,68.06852288516701,50.275344048005415,70.90429146233868,40.810223049063296,55.11714626690317,51.458891536728885,88.41217677000542,73.50708143056342
4,71.70632659919382,59.65710312881423,74.67106124753904,55.11714626690317,62.44560829569079,59.802006645446006,88.26634846776915,77.25285686878841
5,69.59566524198031,56.683198851119926,72.13585525008749,51.458891536728885,59.802006645446006,57.071298325212275,86.42667429618972,74.28596014477614
6,92.66885034058456,88.0785428446792,98.69611684415938,88.41217677000542,88.26634846776915,86.42667429618972,105.51799699988416,104.15375560454197
7,85.51046256613802,75.6437840470917,92.96703446332349,73.50708143056342,77.25285686878841,74.28596014477614,104.15375560454197,100.85337559338271
