,0,1,2,3,4,5,6,7,8
0,25.693939301001826,25.87375384594648,29.273000188218457,23.322294227088733,26.888012319261627,28.726670347248483,25.823335602684352,26.936165620067595,26.75174919582134
1,25.87375384594648,24.56074168679372,29.39032517604176,22.024946752409228,26.95415059294253,29.16185598916911,25.55202961801098,26.8163646778097,26.368785302596983
2,29.273000188218457,29.39032517604176,32.63661876554219,27.128639262749044,30.565666358694585,32.64606045142433,28.83241566726509,31.763783240687616,33.679429555807936
3,23.322294227088733,22.024946752409228,27.128639262749044,15.315747865744774,24.131530152143043,26.746617199794745,22.46471244681514,22.72070320606047,19.44820144579197
4,26.888012319261627,26.95415059294253,30.565666358694585,24.131530152143043,27.615635424944095,29.743764715354693,26.486840562851093,28.2380389099126,28.67936229676404
5,28.726670347248483,29.16185598916911,32.64606045142433,26.746617199794745,29.743764715354693,31.116809364122734,28.558802442648634,30.743305103282655,31.97434549195035
6,25.823335602684352,25.55202961801098,28.83241566726509,22.46471244681514,26.486840562851093,28.558802442648634,24.556579336663276,26.406171116828908,25.72528606156627
7,26.936165620067595,26.8163646778097,31.763783240687616,22.72070320606047,28.2380389099126,30.743305103282655,26.406171116828908,28.05911765135678,30.169724686258355
8,26.75174919582134,26.368785302596983,33.679429555807936,19.44820144579197,28.67936229676404,31.97434549195035,25.72528606156627,30.169724686258355,43.5827464618528
