,0,1,2,3,4,5,6,7
0,45.85821098912066,43.5332091294442,45.06268788957358,40.359327181222106,41.86588192658892,49.690295515819095,69.26362632221905,52.138855049290456
1,43.5332091294442,36.60087629451446,41.42657397125253,33.130402523541854,36.97866758173797,46.97111469060476,70.76628830208458,49.80615960169829
2,45.06268788957358,41.42657397125253,42.10743148165204,36.32332206026342,39.69211907231627,49.59786112828345,72.62539458553998,52.44068746842959
3,40.359327181222106,33.130402523541854,36.32332206026342,23.89137917627324,32.10086614897819,44.57355049956793,70.94654595315758,46.175075218144066
4,41.86588192658892,36.97866758173797,39.69211907231627,32.10086614897819,35.38628984412703,45.29025376892,67.92346915954666,47.14442519167801
5,49.690295515819095,46.97111469060476,49.59786112828345,44.57355049956793,45.29025376892,52.74461526346762,73.60840447064055,57.32709725751721
6,69.26362632221905,70.76628830208458,72.62539458553998,70.94654595315758,67.92346915954666,73.60840447064055,85.67480409427912,80.72940819864918
7,52.138855049290456,49.80615960169829,52.44068746842959,46.175075218144066,47.14442519167801,57.32709725751721,80.72940819864918,62.7675923986482
