,0,1,2,3,4,5,6,7,8
0,6.8670652409171105,15.50559167396655,13.81104832961025,10.215892828684996,15.636563727764404,13.856470394997968,14.385714672926087,12.304647896474387,23.24744419102501
1,15.50559167396655,2.4009024605780085,12.073409358343286,15.07692116845699,19.424129451611503,17.66085895641955,16.70856461270062,15.560133502493894,22.647345899434818
2,13.81104832961025,12.073409358343286,10.895556104373254,16.246958071691047,19.474242765538012,17.308709748223666,18.663845179205964,17.30686533769457,21.376151000270816
3,10.215892828684996,15.07692116845699,16.246958071691047,3.262274758927143,11.043664241263556,10.493665652456409,10.57200506964414,18.526701535823605,25.145718543499203
4,15.636563727764404,19.424129451611503,19.474242765538012,11.043664241263556,8.372011566612555,11.381591160378672,13.670291515797967,15.30049551100941,25.328057197959087
5,13.856470394997968,17.66085895641955,17.308709748223666,10.493665652456409,11.381591160378672,8.86066159484429,14.01744874175454,14.555756112170574,28.00376529171389
6,14.385714672926087,16.70856461270062,18.663845179205964,10.57200506964414,13.670291515797967,14.01744874175454,7.253472791595746,15.266082319472003,17.52679670861686
7,12.304647896474387,15.560133502493894,17.30686533769457,18.526701535823605,15.30049551100941,14.555756112170574,15.266082319472003,1.10160975789796,23.439158156597436
8,23.24744419102501,22.647345899434818,21.376151000270816,25.145718543499203,25.328057197959087,28.00376529171389,17.52679670861686,23.439158156597436,12.292658534717944
