,0,1,2,3,4,5,6,7
0,43.32495483065563,38.51533325935778,39.56985263809518,45.20928160183698,47.54859171021246,41.96804616112553,55.53270713117346,41.98900543655867
1,38.51533325935778,30.353302004178982,31.62952543491984,39.16611331177178,43.54431203585118,36.07124775493389,53.832407258561005,33.54922584349528
2,39.56985263809518,31.62952543491984,32.95199414973239,40.65678784692065,44.756319428959365,37.23713617320593,55.029900401707295,35.171600496079115
3,45.20928160183698,39.16611331177178,40.65678784692065,48.66530992265985,50.89369200697743,43.674660792853686,60.46023040669674,44.475843578186115
4,47.54859171021246,43.54431203585118,44.756319428959365,50.89369200697743,52.24404222880147,46.606231095059286,60.007627209728184,48.1401238955997
5,41.96804616112553,36.07124775493389,37.23713617320593,43.674660792853686,46.606231095059286,40.27140602623897,55.50282405893875,39.692870194809664
6,55.53270713117346,53.832407258561005,55.029900401707295,60.46023040669674,60.007627209728184,55.50282405893875,65.95135449971535,59.13547026134794
7,41.98900543655867,33.54922584349528,35.171600496079115,44.475843578186115,48.1401238955997,39.692870194809664,59.13547026134794,38.47506430436175
