,0,1,2,3,4,5,6,7
0,31.16407199247782,36.660829918753876,32.905414673045236,28.720728437554158,34.701831087416224,50.92115353053391,28.15401996264957,27.545264566551268
1,36.660829918753876,43.317614555384864,39.71786058479271,36.203747412737165,40.8336455629196,57.663881128543146,33.816994267899815,35.71455894071549
2,32.905414673045236,39.71786058479271,35.42292837758219,30.640438352252506,37.219973510717885,55.704562391095,29.46674203367336,29.370683335219706
3,28.720728437554158,36.203747412737165,30.640438352252506,23.24499843782364,33.51039188985248,54.90358549440834,24.13700705822096,20.117135017437548
4,34.701831087416224,40.8336455629196,37.219973510717885,33.51039188985248,38.58354300203607,55.02747856131005,31.83647690222196,32.773719398512846
5,50.92115353053391,57.663881128543146,55.704562391095,54.90358549440834,55.02747856131005,67.440160704587,49.392727055925064,56.0043946893018
6,28.15401996264957,33.816994267899815,29.46674203367336,24.13700705822096,31.83647690222196,49.392727055925064,24.604644162681844,22.23386046405078
7,27.545264566551268,35.71455894071549,29.370683335219706,20.117135017437548,32.773719398512846,56.0043946893018,22.23386046405078,15.221132312085297
