,0,1,2,3,4,5,6,7
0,20.780995191954087,19.125303371440463,20.213095981709948,21.190729380219953,21.30469530831598,22.348466882552444,22.883240041647856,23.42931553451714
1,19.125303371440463,15.489595759650527,17.31469800458352,18.299901321222308,19.124763549887213,20.470629976901634,21.112775265783043,21.175448646608018
2,20.213095981709948,17.31469800458352,18.420657178804365,19.87155118289818,20.37240576370777,21.703318322479987,22.262767962843665,22.873099498983734
3,21.190729380219953,18.299901321222308,19.87155118289818,20.452594272563058,21.285865904718573,22.789544958155037,23.257095656793553,24.379365914994793
4,21.30469530831598,19.124763549887213,20.37240576370777,21.285865904718573,21.11809194564567,22.5383259920066,23.08055659602591,23.801942384648417
5,22.348466882552444,20.470629976901634,21.703318322479987,22.789544958155037,22.5383259920066,23.395924568261673,24.01930228003378,25.205819846369117
6,22.883240041647856,21.112775265783043,22.262767962843665,23.257095656793553,23.08055659602591,24.01930228003378,23.93232726115539,25.37850527080435
7,23.42931553451714,21.175448646608018,22.873099498983734,24.379365914994793,23.801942384648417,25.205819846369117,25.37850527080435,27.471812118761427
