,0,1,2,3,4,5,6,7
0,22.341355483260067,33.586771501176045,30.498921945536257,28.056132776098334,26.584548760059402,42.41198246893969,33.930370873844566,24.126701309669023
1,33.586771501176045,45.01353494223803,42.64701900610348,41.698190447474175,38.09858289569695,52.46416185113771,43.773201744747354,39.671323267216884
2,30.498921945536257,42.64701900610348,39.934799911102566,38.53985103589524,35.22237878256475,50.877951854321125,41.6879019460859,35.85410010768913
3,28.056132776098334,41.698190447474175,38.53985103589524,36.70486691622082,33.30852440818882,50.92358713611054,40.795278119223475,33.18813498563897
4,26.584548760059402,38.09858289569695,35.22237878256475,33.30852440818882,30.986820241197535,46.58806865927185,37.82675899362207,30.0560218339016
5,42.41198246893969,52.46416185113771,50.877951854321125,50.92358713611054,46.58806865927185,58.01406785372217,50.4697121035553,50.22551362001865
6,33.930370873844566,43.773201744747354,41.6879019460859,40.795278119223475,37.82675899362207,50.4697121035553,42.83941386546887,39.03863384099787
7,24.126701309669023,39.671323267216884,35.85410010768913,33.18813498563897,30.0560218339016,50.22551362001865,39.03863384099787,28.0696665420204
