,0,1,2,3,4,5,6,7
0,71.84676328049771,64.32516090655336,61.36337609304965,59.2814751627754,59.23282765268049,74.41773652352549,53.14952440357092,61.882028321726224
1,64.32516090655336,51.721165946026865,46.519366953315895,40.91102883436167,45.12402638280388,66.88246740309062,36.71835562180731,43.46322538999487
2,61.36337609304965,46.519366953315895,40.15351383807122,32.193402842015715,39.29427133026775,63.79483360003622,29.583510869772734,34.56885198396252
3,59.2814751627754,40.91102883436167,32.193402842015715,17.608009953094818,32.170345749562145,61.78318949277024,18.747020390686977,20.09674751315257
4,59.23282765268049,45.12402638280388,39.29427133026775,32.170345749562145,38.60035918935126,61.27629307582519,29.825825503633332,34.22364225203785
5,74.41773652352549,66.88246740309062,63.79483360003622,61.78318949277024,61.27629307582519,77.4038674430556,54.65506884243031,64.83174348940888
6,53.14952440357092,36.71835562180731,29.583510869772734,18.747020390686977,29.825825503633332,54.65506884243031,19.33345097225411,20.452241935820847
7,61.882028321726224,43.46322538999487,34.56885198396252,20.09674751315257,34.22364225203785,64.83174348940888,20.452241935820847,22.881912102457953
