5.952 15.378 14.585 10.178 12.159 12.494 17.064 10.708 
15.378 10.717 25.149 12.733 16.203 12.530 16.936 25.226 
14.585 25.149 6.359 9.982 15.724 15.068 10.742 10.752 
10.178 12.733 9.982 4.601 16.427 6.621 9.595 6.551 
12.159 16.203 15.724 16.427 6.850 16.039 20.463 11.889 
12.494 12.530 15.068 6.621 16.039 8.406 10.551 11.426 
17.064 16.936 10.742 9.595 20.463 10.551 7.672 5.735 
10.708 25.226 10.752 6.551 11.889 11.426 5.735 1.608 
