14.318 17.798 20.647 40.165 24.781 26.633 25.204 13.416 
17.798 12.881 31.498 29.848 19.139 20.742 25.896 19.688 
20.647 31.498 10.087 29.224 14.789 14.418 17.064 16.628 
40.165 29.848 29.224 8.238 24.171 19.070 20.515 15.005 
24.781 19.139 14.789 24.171 6.265 11.825 13.903 13.092 
26.633 20.742 14.418 19.070 11.825 12.068 21.437 15.593 
25.204 25.896 17.064 20.515 13.903 21.437 9.678 11.734 
13.416 19.688 16.628 15.005 13.092 15.593 11.734 6.714 
